Trouvé en 24 sec
Initialisé le pic à 570 suite au test / baseline en amont de l'expérience.

488
607pic
559
565
538
510
493
510
501
512
505
510
516
540
497
497
503
486
511
504
502
508
498
513
515
497
488
490
485
497
521
528
545
529
518
523
533
528
504
516
520
504
501
505
505
517
518
509
503
527
530
495
464
497
540
529
523
520
517
532
504
576pic
479
453
409
447
567
595
564
531
545
510
501
473
499
490
504
508
509
544
492
504
467
478
494
497
496
499
507
487
516
488
473
472
486
512
512
502
516
529
502
509
531
525
520
519
521
521
542
496
564
467
499
502
499
514
512
556
508
539
512
514
519
512
534
524
521
568
499
554
414
363
520
597pic
580
539
542
522
588
492
500
489
495
516
527
519
512
513
524
516
549
505
451
455
494
520
526
520
519
504
558
474
489
508
512
524
544
564
504
492
490
518
521
520
511
511
511
510
507
504
502
499
513
520
521
507
527
487
467
486
491
508
489
489
512
448
409
429
534
558
498
476
475
477
487
483
484
512
446
443
436
458
459
458
463
464
462
448
486
443
445
453
469
431
428
441
465
472
479
483
479
499
475
467
450
448
465
476
465
467
483
486
497
453
452
461
478
512
505
468
473
473
504
487
506
502
519
512
447
466
424
382
486
564
561
537
506
513
514
552
472
478
488
496
498
506
495
498
512
513
507
502
516
512
444
473
498
504
519
526
516
531
529
547
542
544
557
535
545
536
535
538
558
548
560
559
563
540
546
534
563
568
530
560
548
555
553
563
579pic
590
563
614
592
588
553
537
455
519
654
697
632
562
577
557
541
547
572pic
531
549
557
513
530
531
537
534
530
529
523
513
510
512
515
510
508
553
555
474
467
497
519
517
525
516
526
540
534
517
519
499
507
503
512
504
503
423
452
476
486
496
499
483
470
485
497
499
494
466
482
488
495
529
444
354
421
547
549
538
527
500
468
501
500
515
514
513
518
524
527
521
531
534
540
595pic
536
495
501
549
563
556
550
551
543
541
553
558
532
560
519
525
532
528
530
536
533
516
523
528
536
527
528
512
500
551
488
488
507
518
530
528
539
549
531
534
522
507
534
569
488
432
393
477
587
584pic
552
518
510
525
504
508
512
507
487
523
560
510
466
450
484
435
609pic
419
437
441
457
469
548
454
435
488
514
455
614
398
536
564
439
424
456
486
490
487
464
476
505
492
433
569pic
537
460
452
493
469
521
536
471
423
464
493
476
549
422
447
527
584pic
439
438
402
460
580
591
564
536
519
555
540
548
524
507
514
513
514
518
562
543
477
502
484
516
518
517
523
542
516
562
514
542
537
548
547
556
546
540
541
542
529
544
555
541
556
539
569
545
543
532
608
530
531
532
547
558
557
567
551
567
581pic
597
597
547
523
532
531
553
481
450
561
616
592
566
558
495
504
515
499
525
499
540
536
506
535
464
466
476
505
523
495
484
470
518
499
494
500
517
507
466
480
479
498
519
519
520
515
523
527
505
469
467
544
522
509
521
533
512
499
502
499
502
500
514
514
515
514
536
508
511
487
507
515
508
512
466
374
375
491
504
469
442
441
432
420
424
428
429
422
436
443
445
453
452
456
462
473
472
481
480
489
492
493
493
504
505
507
511
519
523
524
530
533
537
532
534
531
535
535
537
539
541
537
531
529
521
519
507
514
511
511
526
524
521
523
523
521
526
526
514
510
510
523
475
405
432
574pic
597
567
521
515
513
508
510
513
506
510
519
517
507
504
499
503
501
503
505
504
505
506
504
503
504
502
500
503
505
510
511
514
512
513
513
509
508
505
508
507
506
503
501
503
500
495
494
484
484
485
496
508
512
513
515
511
511
508
510
510
508
508
518
459
389
451
576pic
585
558
519
511
505
503
500
500
504
505
503
504
499
501
500
500
499
501
501
505
502
499
496
495
492
491
493
499
504
509
512
511
517
518
521
520
520
523
517
521
516
517
516
512
511
509
508
508
519
522
524
522
520
522
520
519
522
519
513
512
520
485
426
428
561
590pic
574
541
515
512
511
507
508
512
515
513
508
509
507
503
507
504
508
509
508
504
502
502
502
499
500
501
504
504
508
512
513
513
514
518
517
519
518
518
522
523
515
512
511
503
501
505
514
519
522
523
522
522
520
519
513
514
515
512
517
493
430
426
545
579pic
568
534
513
512
506
504
506
506
508
504
501
503
504
503
500
501
503
502
504
505
502
498
494
496
497
499
496
503
512
511
515
517
513
515
518
513
515
521
522
519
517
515
510
506
508
512
519
524
527
530
527
525
523
519
517
518
512
514
515
457
402
488
579pic
581
553
520
513
512
517
511
512
506
507
Last 10 sec number of pic : 16 Number of pic of precedent 10 sec : 15

505
507
505
504
505
505
505
502
502
502
498
497
499
502
497
497
498
501
504
508
512
516
512
513
512
512
513
520
514
515
515
511
510
505
501
504
511
520
522
524
525
523
526
519
515
515
513
515
519
500
436
402
519
583pic
574
542
519
514
513
512
507
505
505
508
512
508
505
504
505
504
499
504
507
505
503
502
498
497
498
497
501
505
513
516
516
518
519
515
510
515
509
510
513
515
513
512
508
511
504
497
506
511
521
519
518
517
519
518
518
515
516
512
512
517
478
412
434
558
576pic
564
529
516
512
512
511
510
509
509
508
506
506
504
504
503
499
498
496
495
499
497
499
497
498
496
501
501
504
509
516
516
516
516
512
515
518
517
518
515
515
511
515
518
513
512
515
504
507
506
514
522
522
519
521
523
519
521
515
513
513
512
514
446
398
468
577pic
587
564
522
511
506
505
507
507
504
501
505
503
507
502
499
498
494
499
495
491
496
501
500
504
493
498
497
504
508
515
519
522
518
511
512
512
512
513
512
515
514
522
526
522
521
517
512
511
507
503
507
511
521
522
522
521
521
517
515
516
516
514
512
515
496
429
398
519
577pic
568
534
517
513
511
509
505
507
508
510
509
510
504
506
506
507
507
507
503
504
499
501
502
499
503
506
502
506
514
515
516
521
522
521
517
515
509
510
517
518
511
514
514
512
517
519
519
510
503
504
500
500
496
511
522
521
526
517
515
516
513
514
512
511
513
517
470
404
449
567
581pic
558
527
515
515
512
507
507
510
504
504
506
503
507
506
503
498
496
497
496
497
497
497
499
497
498
499
501
509
511
516
516
517
521
523
520
518
515
513
512
513
512
510
513
514
515
515
515
514
513
512
508
508
506
498
501
506
516
513
514
523
522
521
522
523
517
513
514
514
485
419
421
546
588pic
574
535
518
518
513
514
512
514
510
512
511
510
507
505
503
504
500
496
499
499
498
501
498
496
498
494
502
508
511
515
517
521
519
515
520
517
512
514
513
512
512
511
512
511
514
511
513
513
511
511
508
510
507
507
508
498
496
500
506
515
518
514
517
512
515
514
516
510
509
512
502
433
396
499
574pic
570
543
515
512
512
508
509
504
503
506
504
504
502
508
506
503
499
499
494
494
491
492
496
494
496
498
499
505
509
515
512
516
521
522
520
515
518
515
514
510
515
515
512
518
519
518
521
514
516
515
525
519
517
518
510
508
508
504
512
513
519
523
521
523
525
523
521
522
525
517
518
520
476
417
446
564
584pic
563
534
523
521
516
515
516
511
510
506
512
511
508
506
507
505
498
499
491
492
492
490
487
486
483
485
489
496
499
504
502
503
506
504
505
502
495
491
487
491
488
485
488
484
482
486
488
482
480
481
484
475
478
473
468
467
458
460
460
470
478
479
480
479
478
476
478
477
475
473
477
451
385
371
489
540
529
503
488
486
479
486
487
483
482
481
488
483
483
485
485
481
486
482
483
481
486
483
486
486
492
491
493
500
504
513
519
521
517
520
523
521
520
522
520
521
523
523
525
525
526
528
529
533
529
527
531
531
530
529
522
521
515
518
524
526
536
535
534
539
536
534
536
534
530
530
533
529
465
423
519
610pic
595
594
538
494
517
429
376
327
295
271
275
311
349
379
419
424
445
474
468
489
500
505
524
512
517
523
547
564pic
554
588
596
608
613
630
612
639
619
619
632
630
625
623
615pic
612
603
625
619
614
594
599
602
619
604
587
591
576
576
575pic
580
579
571
570
562
559
567
560
548
543
531
552
501
403
408
556
619pic
608
556
526
515
516
519
511
513
509
521
504
513
504
495
491
494
488
500
499
494
492
490
483
479
479
491
489
490
498
501
505
508
513
520
526
513
518
518
513
505
497
501
509
512
500
499
492
490
490
485
479
490
511
517
514
525
527
523
517
518
508
515
508
514
492
393
360
516
578pic
566
495
476
475
472
473
487
481
479
479
479
470
471
463
462
462
457
455
457
443
448
456
444
444
427
440
439
454
465
464
463
465
472
469
484
477
484
481
479
474
482
478
470
457
450
471
471
480
492
501
512
513
505
509
508
511
514
507
517
530
508
526
492
416
435
582pic
610
581
536
530
522
523
526
526
523
502
518
526
518
541
517
517
515
515
520
536
514
533
543
562
565
562
566
559
568
576
577
592
572pic
576
568
550
574
570
564
568
553
556
556
531
527
533
533
522
531
543
543
544
532
535
524
552
515
496
405
439
491
450
389
400
524
543
475
422
434
461
482
445
494
455
431
458
511
468
451
488
484
464
492
497
507
493
529
505
483
536
491
528
549
567
657pic
479
615
608
615
596
670
643
602
517
543
564
612
511
569
531
536
513
544
565
535
552
590pic
530
548
461
576
468
510
510
498
476
423
485
560
585
474
487
492
472
491
485
487
549
521
444
443
496
469
510
515
545
480
515
421
435
455
451
475
467
510
467
473
518
486
499
476
506
532
527
524
521
496
529
532
556
465
491
478
500
501
539
560
544
489
524
490
518
517
536
545
526
484
494
Last 10 sec number of pic : 18 Number of pic of precedent 10 sec : 16

444
524
578pic
597
542
549
573
494
492
481
501
495
483
492
457
497
499
498
487
533
508
519
481
458
481
491
508
494
529
478
460
495
540
538
544
547
535
520
547
524
540
534
549
505
548
547
515
550
573pic
608
550
563
520
525
516
533
540
524
514
492
453
409
529
618pic
601
559
522
535
542
563
518
492
522
561
525
531
511
543
477
527
510
457
490
494
473
475
494
474
488
500
494
529
545
519
568
575pic
535
544
577
577
524
532
542
531
515
526
485
508
528
496
524
521
530
537
549
513
536
525
547
523
467
417
482
622pic
592
543
491
502
505
509
496
474
464
496
480
513
487
519
489
479
470
490
492
485
532
486
502
470
475
459
478
510
516
527
519
548
546
523
509
562
519
549
540
515
551
516
512
542
535
529
554
533
536
513
523
494
511
545
521
486
421
448
603pic
606
558
543
540
544
493
493
504
523
501
494
506
509
508
492
490
459
465
479
476
471
515
476
461
488
447
500
486
520
541
558
532
547
521
530
517
513
495
502
507
507
495
538
504
507
532
498
504
521
512
506
531
496
518
519
487
415
530
607pic
551
515
491
505
489
498
492
496
478
499
479
521
518
546
491
473
490
489
494
462
433
472
455
474
495
475
435
461
473
518
511
513
522
528
540
513
502
484
494
512
484
511
525
515
538
504
529
491
558
513
487
502
494
495
461
384
490
597pic
604
523
507
513
467
487
500
525
520
515
478
469
486
492
499
504
478
464
464
472
472
477
473
505
518
492
476
524
523
544
599pic
542
521
575
526
535
502
539
517
496
511
536
529
541
523
512
547
542
519
498
514
519
544
497
448
501
592pic
580
536
522
476
481
484
489
485
472
479
473
494
507
497
472
467
493
466
465
472
456
468
489
444
460
473
443
461
490
493
511
508
511
519
493
505
508
493
499
470
499
521
522
508
500
558
514
510
466
478
490
490
516
467
390
456
591pic
587
536
472
485
472
484
486
486
488
481
484
484
486
467
522
457
471
467
477
483
430
483
486
503
420
456
492
499
525
530
544
540
547
531
525
523
534
496
493
519
555
546
518
560
544
532
525
531
534
536
534
545
483
423
462
604pic
608
608
536
542
575
494
519
524
516
519
523
540
494
507
566
489
502
503
518
504
487
500
516
493
499
516
496
515
526
577pic
582
545
554
555
553
520
519
515
518
559
567
561
560
553
572pic
544
566
495
542
515
524
517
455
450
579
590
596
553
536
512
528
496
478
494
519
534
513
503
488
487
472
474
464
471
458
455
454
449
447
446
462
465
470
484
486
495
500
503
507
505
506
487
464
457
476
494
502
511
510
509
517
513
518
513
495
488
488
446
421
497
568
572pic
556
512
509
513
479
485
496
509
509
488
508
511
496
507
511
515
516
519
535
491
476
481
485
498
506
521
524
524
525
536
531
533
516
515
514
517
519
528
536
540
540
541
542
536
528
526
528
528
510
517
484
455
489
576pic
579
562
532
509
513
511
495
492
497
488
493
499
514
517
519
508
512
514
503
496
497
494
497
499
498
506
517
519
508
510
505
503
516
510
512
511
504
515
510
516
519
515
509
513
519
520
518
523
522
519
517
479
453
491
568
579pic
556
520
506
506
507
505
505
501
499
499
504
500
499
488
491
503
503
496
500
508
495
499
495
496
492
495
507
511
508
525
512
520
514
515
516
517
499
504
508
527
525
508
512
506
526
506
515
519
529
513
443
425
535
600pic
586
540
524
524
510
508
524
518
512
509
528
519
507
519
512
519
513
504
512
522
511
517
500
502
507
519
526
525
527
533
551
541
540
511
521
522
525
523
515
523
543
522
539
507
527
513
501
521
509
531
459
417
439
589pic
584
532
504
494
492
507
501
493
498
497
500
515
488
499
480
505
483
504
493
489
502
497
494
501
502
496
513
513
518
525
525
534
526
524
519
518
505
504
515
524
531
531
526
519
523
522
527
516
520
523
488
425
424
569
597pic
570
536
521
503
496
500
482
395
351
343
355
380
379
398
402
414
435
458
467
473
470
480
481
499
512
524
530
537
539
538
546
535
531
521
534
505
494
498
499
512
518
506
502
514
504
502
492
496
490
512
462
407
417
554
570
542
487
483
474
470
476
479
487
474
479
472
471
476
474
480
472
465
466
451
444
454
450
439
431
439
447
446
459
466
469
477
470
468
473
467
473
467
464
473
487
494
502
504
506
503
500
515
507
511
518
516
518
460
425
535
589pic
579
547
532
532
524
517
518
519
519
529
526
521
527
526
527
540
538
544
534
541
537
539
542
545
548
548
553
558
566
574pic
575
572
571
566
555
561
543
558
556
542
551
564
574
569
554
561
563
543
553
553
542
545
553
506
455
533
606pic
591
572
536
528
524
521
528
528
524
524
527
518
526
515
509
512
518
519
511
512
515
495
496
493
493
491
498
496
512
507
508
502
500
503
499
506
512
507
509
508
510
519
530
524
533
526
527
528
531
529
529
529
537
492
455
502
603pic
602
588
557
526
536
527
533
528
525
531
532
531
535
540
534
527
523
532
533
518
Last 10 sec number of pic : 24 Number of pic of precedent 10 sec : 18

521
519
516
512
513
515
517
524
533
532
531
533
525
526
528
524
525
513
512
514
527
529
534
536
547
528
516
521
529
536
532
522
528
484
441
510
588pic
599
555
524
521
508
513
519
511
517
514
514
526
505
513
512
512
512
511
507
509
508
506
501
504
503
507
518
525
528
527
524
532
532
529
526
508
507
525
507
516
512
526
528
524
530
529
522
512
524
521
518
519
505
444
431
536
574pic
561
531
511
512
502
504
502
499
504
499
508
504
502
501
499
492
490
491
492