2min écoulé = pas trouvé
Initialisé le pic à >530 suite au test / baseline en amont de l'expérience.

527
512
491
474
486
494
500
512
510
497
512
501
507
511
492
492
465
491
513
524
496
492
499
496
504
494
494
499
500
496
507
504
513
499
519
508
506
509
500
504
518
514
524
539pic
531
539
547
538
554
539
545
539
540
520
534
533
522
537
527
513
521
491
518
511
505
497
505
495
501
494
515
501
494
485
480
490
524
532pic
502
482
490
504
486
500
481
487
497
487
492
490
487
476
489
480
498
468
490
478
478
486
502
511
505
501
503
511
505
488
500
500
503
510
492
507
495
515
503
496
501
510
500
508
504
514
512
512
508
511
519
500
491
488
496
550pic
523
517
510
510
504
501
494
519
501
513
504
497
506
509
505
499
491
505
494
498
509
501
509
516
513
519
530
529
530
522
519
526
519
512
514
506
509
506
506
496
508
503
504
504
508
516
515
513
508
522
513
514
499
467
488
521
517
505
503
502
494
497
499
490
491
502
495
495
493
493
488
484
486
481
487
480
480
483
486
489
500
496
519
513
511
503
503
484
508
501
490
485
504
496
515
503
501
510
507
504
512
514
511
507
514
512
506
497
486
468
486
519
527
511
508
511
508
505
509
508
509
513
515
514
514
512
517
515
512
508
505
513
506
508
515
516
524
527
536pic
537
535
534
529
530
531
521
524
517
521
520
518
514
514
515
511
507
510
510
515
517
519
524
513
513
515
509
502
477
487
521
532pic
518
510
512
511
512
509
508
503
505
509
502
506
505
501
498
499
499
499
498
499
497
506
512
516
517
524
522
518
527
516
515
516
518
508
511
511
511
513
512
513
506
508
506
504
505
506
504
507
512
512
505
514
508
513
508
496
484
484
511
541pic
519
513
510
511
506
504
504
506
505
509
507
504
499
505
500
497
498
497
497
494
499
506
501
505
519
513
518
523
519
518
515
519
510
512
511
510
510
512
511
506
508
507
504
499
505
506
507
511
514
512
509
508
504
509
505
489
482
504
546pic
517
512
509
508
510
505
508
511
504
505
504
510
508
497
503
502
496
497
499
495
498
497
503
510
518
519
523
526
523
524
520
519
515
516
513
512
509
509
512
512
512
514
509
511
509
507
508
507
501
508
508
517
513
506
510
509
516
507
493
475
487
517
532pic
517
511
515
512
511
506
508
503
511
508
504
507
501
511
499
501
498
499
497
496
495
499
501
508
517
522
526
520
521
523
520
516
517
516
513
516
513
516
514
513
515
507
511
513
510
510
513
511
506
506
505
502
502
502
510
510
512
512
510
511
514
507
498
484
475
502
541pic
520
514
511
509
508
508
504
510
506
499
505
508
506
504
507
497
498
495
500
502
498
498
504
503
516
524
523
529
527
522
520
520
521
518
519
516
516
516
519
516
517
514
513
514
514
515
514
515
514
511
511
515
514
510
509
509
513
506
506
504
505
510
514
511
509
515
515
509
508
498
478
486
513
540pic
518
511
510
510
505
507
510
508
506
508
508
508
500
504
502
497
501
504
498
497
499
498
507
510
517
520
524
524
524
526
521
513
515
515
512
511
512
511
512
509
513
508
512
512
504
508
509
512
511
508
509
504
503
504
505
510
513
513
513
508
512
513
509
495
478
492
521
538pic
519
512
516
508
505
503
507
504
501
499
508
502
503
498
504
497
497
493
496
498
498
502
507
514
517
522
524
521
522
522
519
520
515
513
511
508
511
508
511
507
515
516
516
512
508
511
512
502
512
510
499
505
507
514
510
506
515
511
508
511
501
494
472
483
524
533pic
516
512
514
496
502
507
507
510
505
505
502
509
504
501
497
501
499
492
491
498
498
500
496
517
518
516
520
526
531pic
523
519
518
520
514
511
512
512
508
515
510
514
506
511
518
507
511
509
511
515
508
508
507
509
500
504
504
504
519
519
513
511
519
521
511
502
494
463
491
534pic
532
524
511
519
518
507
513
505
512
514
508
505
504
511
509
501
502
495
495
487
495
494
497
505
505
518
525
523
522
523
526
526
516
510
521
519
514
509
512
516
511
511
516
513
514
505
513
517
509
509
511
514
508
504
509
509
501
508
496
502
511
510
517
506
514
518
513
510
509
499
468
480
512
529
519
519
511
512
507
507
506
508
511
510
507
506
506
505
489
502
493
492
498
497
496
499
504
508
513
522
516
525
523
528
526
521
516
517
513
512
511
511
510
514
509
513
515
508
514
509
509
511
512
507
514
515
503
512
510
499
512
510
508
504
494
511
498
505
503
508
507
518
511
510
516
508
510
498
492
476
481
541pic
513
523
512
511
507
511
511
498
518
500
503
509
504
502
501
505
495
494
Last 10 sec number of pic : 15 Number of pic of precedent 10 sec : 12

491
500
487
508
500
510
503
518
517
528
528
524
517
521
521
513
518
515
513
515
511
509
495
510
516
504
517
507
510
486
508
504
506
500
501
492
503
504
494
504
509
505
519
508
506
511
519
508
516
508
476
495
514
549pic
527
514
524
522
522
516
513
519
515
512
511
505
505
503
504
497
500
496
486
487
487
497
497
511
510
523
522
525
512
528
534pic
529
525
526
522
519
502
508
513
519
519
515
506
519
504
515
515
509
514
506
512
511
502
506
513
507
512
509
513
499
508
505
507
499
517
519
502
521
505
508
509
505
493
478
484
516
521
519
528
522
503
509
506
512
505
493
502
499
500
504
500
480
499
478
491
499
483
496
491
505
508
511
516
531pic
525
524
524
528
515
518
527
523
517
520
519
513
513
520
515
515
519
513
509
510
517
519
515
511
519
508
521
512
506
516
505
515
502
515
510
506
500
512
504
501
500
514
508
518
515
512
507
513
507
494
463
488
531pic
530
523
523
524
507
515
521
508
514
510
515
515
516
509
506
501
504
496
506
493
499
499
502
516
512
516
526
524
532pic
525
535
524
535
524
525
518
529
524
517
525
507
520
516
526
518
513
525
522
518
512
515
515
518
514
503
513
508
508
515
513
502
521
514
508
516
504
515
507
501
512
520
514
525
526
531pic
527
519
525
521
509
516
469
488
500
544
495
528
517
512
519
509
502
513
508
506
503
507
484
490
511
494
492
489
470
481
495
480
502
503
515
517
510
542pic
528
519
511
524
524
505
508
515
512
483
507
503
504
489
526
507
508
514
516
509
503
506
498
513
504
497
503
494
476
502
493
492
508
504
493
507
504
503
493
519
499
483
461
497
535pic
524
515
518
508
509
511
493
518
516
494
502
507
504
488
506
504
492
485
492
487
491
500
494
511
521
521
513
530
533pic
526
521
524
526
510
519
512
503
517
504
504
510
510
508
514
508
519
514
513
512
510
514
516
515
514
506
505
507
504
516
514
517
517
516
507
518
523
521
509
493
474
498
546pic
538
525
530
518
519
508
515
516
514
511
514
508
499
502
488
502
502
494
496
481
500
491
498
511
518
519
528
529
524
522
517
519
516
512
504
509
507
501
500
491
500
494
502
499
512
502
512
504
502
504
511
512
509
501
511
509
508
512
518
504
507
514
506
516
521
516
511
516
526
523
515
511
467
471
503
542pic
535
525
529
532
511
519
521
515
521
520
507
519
510
514
509
516
504
489
497
499
487
505
499
515
512
534pic
537
532
528
509
535
531
519
522
527
522
508
514
520
516
517
510
516
514
508
506
514
507
504
506
505
512
515
498
503
499
497
497
495
494
492
499
503
502
500
511
506
498
505
495
504
474
463
473
515
527
527
516
505
511
512
503
508
492
502
502
499
494
499
496
494
491
489
490
480
487
487
501
502
522
522
516
531pic
531
535
514
525
517
524
519
516
518
503
510
518
516
516
506
514
508
513
517
508
507
520
502
514
514
497
509
508
483
520
515
514
508
519
502
514
512
496
506
472
472
541pic
516
519
523
515
516
509
507
507
511
498
515
511
507
501
494
506
489
487
467
499
486
484
503
492
512
519
508
523
522
524
531pic
510
514
524
521
508
516
512
509
515
515
520
508
514
514
518
505
512
515
502
511
502
516
511
515
513
515
522
516
518
517
511
518
498
475
486
536pic
532
522
514
529
516
507
517
509
502
513
511
506
513
506
497
499
499
497
484
498
492
505
499
519
524
527
527
525
535pic
531
536
522
521
526
519
519
524
511
511
514
508
516
519
523
509
518
514
519
516
506
520
513
494
510
515
505
516
516
517
505
519
510
508
498
487
462
475
531pic
513
533
526
510
513
508
497
514
511
497
508
512
503
504
503
504
497
492
482
497
494
492
503
508
515
521
527
524
521
528
522
520
525
526
517
515
516
515
494
514
510
509
514
499
509
504
504
509
511
508
504
506
503
490
495
494
495
496
495
489
500
496
484
501
496
480
486
483
468
432
462
522
509
503
510
502
503
501
503
504
510
499
514
513
508
505
503
503
498
496
495
489
489
485
492
505
519
526
523
537pic
535
531
530
529
532
526
529
526
524
522
518
518
516
522
520
523
515
522
526
518
523
513
516
516
521
519
517
515
517
511
519
517
511
515
513
504
508
508
510
516
515
515
517
516
511
508
508
496
470
478
526
529
521
521
520
515
509
509
510
507
514
510
509
510
504
505
502
507
495
498
499
496
496
499
510
519
529
524
531pic
531
527
531
530
528
527
524
516
523
517
513
514
510
516
513
514
514
513
511
515
512
516
513
512
511
515
513
510
506
502
507
505
505
506
511
510
506
514
510
512
505
504
497
470
479
515
536pic
514
512
515
504
508
504
503
507
506
505
507
503
503
499
498
500
496
492
490
492
490
501
506
511
519
521
527
523
527
529
521
524
515
521
522
509
513
513
510
505
515
508
507
511
513
510
511
510
510
507
513
511
511
511
506
503
498
499
501
508
511
509
511
510
506
510
508
498
483
462
484
537pic
521
514
512
512
511
Last 10 sec number of pic : 22 Number of pic of precedent 10 sec : 15

505
503
507
510
506
505
506
502
508
503
501
504
497
491
493
498
496
501
508
517
523
529
529
526
529
524
525
525
517
519
512
516
512
515
512
511
512
513
508
513
513
507
510
515
510
506
512
509
508
508
511
507
506
501
501
502
496
502
500
508
512
512
509
509
508
512
504
486
457
482
526
526
517
523
512
511
513
508
507
508
508
508
507
511
505
498
500
497
499
494
494
494
496
496
507
515
522
526
527
528
531pic
527
523
523
518
515
517
516
512
511
508
513
512
509
512
513
508
512
509
507
510
508
511
507
505
505
502
502
502
503
500
503
501
502
502
500
502
508
512
511
511
512
512
512
508
496
476
472
507
534pic
525
524
516
518
518
516
516
518
514
515
518
514
511
514
508
508
505
504
504
502
503
504
511
517
522
528
533pic
538
534
531
527
526
523
517
518
518
515
518
514
512
511
515
512
508
511
509
513
507
506
508
509
505
508
513
507
508
504
502
503
496
500
500
507
508
512
510
509
512
510
508
502
484
467
489
542pic
524
518
515
513
507
509
510
507
507
510
507
500
505
501
500
502
499
495
496
495
497
501
504
513
517
523
529
531pic
527
529
525
523
520
522
519
515
511
511
507
512
511
514
512
512
510
512
510
511
508
506
510
507
508
503
501
504
511
511
512
511
516
512
512
513
507
495
475
489
528
535pic
517
518
514
508
513
505
510
511
507
508
506
506
503
504
503
496
496
496
494
495
501
496
508
516
521
527
529
533pic
528
528
527
523
524
521
518
513
515
515
514
512
512
515
515
511
514
514
515
513
509
509
511
506
508
507
513
515
515
513
516
515
511
512
502
484
472
499
539pic
527
517
513
513
509
512
510
507
505
508
507
509
504
503
504
503
497
499
494
496
495
497
503
515
517
522
529
530
531pic
530
523
524
519
518
515
515
513
511
509
512
510
511
510
515
514
516
514
510
511
510
508
510
504
499
505
505
506
507
509
509
510
512
507
508
499
487
455
484
533pic
522
517
519
511
511
512
507
507
510
504
505
508
504
502
498
500
497
492
492
493
491
494
502
505
515
523
525
526
527
529
527
525
522
524
519
518
514
513
511
510
513
508
510
508
513
507
510
512
510
509
510
508
510
506
504
504
507
502
497
502
508
510
512
510
513
510
511
511
499
481
462
485
536pic
522
517
519
512
514
509
513
506
506
507
507
507
505
504
502
500
498
493
493
492
496
496
505
508
520
527
532pic
539
533
536
534
530
525
526
522
519
517
518
515
515
512
515
513
513
517
515
514
515
515
510
514
511
512
515
512
513
513
513
512
510
509
507
505
505
504
504
504
511
513
514
513
512
513
513
509
495
473
469
495
533pic
521
518
515
511
508
511
507
508
507
505
509
504
508
506
501
497
499
496
495
492
494
500
504
511
516
524
527
527
528
529
524
522
524
519
519
518
513
513
512
511
511
512
510
513
509
510
515
508
509
510
512
513
510
510
513
511
506
510
508
506
502
504
503
500
507
509
511
511
510
513
511
509
504
500
481
475
508
536pic
519
514
515
512
509
503
506
504
505
506
511
505
501
501
503
497
496
496
494
492
496
498
504
512
519
522
529
526
526
529
527
521
518
519
518
514
508
509
512
510
509
512
510
511
511
508
512
509
510
505
509
509
508
501
506
500
503
497
500
501
509
507
511
511
509
506
508
511
508
494
467
479
521
528
519
512
511
507
508
506
508
503
510
507
505
504
502
503
497
497
498
491
490
493
495
499
506
511
525
527
528
531pic
532
530
527
523
520
514
518
518
510
510
512
513
509
509
509
509
511
510
508
510
508
505
508
509
510
506
507
510
507
506
508
506
504
503
500
500
497
503
506
508
507
508
510
513
510
505
502
489
456
481
528
523
516
518
514
514
509
508
510
507
510
508
505
507
508
507
502
498
494
495
492
490
496
496
505
517
519
527
532pic
531
531
531
527
527
523
523
519
518
516
513
515
514
514
512
512
510
511
512
509
510
510
512
509
511
511
512
511
508
511
512
508
507
511
506
508
507
508
503
504
500
502
500
507
512
510
511
512
514
508
512
508
496
460
475
516
531pic
521
520
521
515
517
511
509
508
510
511
508
511
513
505
507
504
504
499
502
499
500
505
508
517
531pic
534
538
536
539
537
536
533
535
524
527
523
524
519
522
517
516
512
517
514
515
518
513
511
516
510
511
511
513
505
506
504
503
504
507
504
504
506
506
505
505
507
503
496
501
500
502
500
502
501
508
507
515
509
511
506
504
497
469
477
510
527
518
518
514
512
508
507
508
510
508
507
502
500
500
499
498
497
493
491
493
494
489
496
506
511
520
524
527
528
527
524
524
527
524
519
518
514
513
513
507
509
503
510
512
512
510
508
507
505
507
506
507
508
505
503
502
506
499
496
496
494
495
498
506
507
507
508
505
509
504
500
495
472
480
518
534pic
512
512
509
507
506
506
504
503
503
505
508
505
503
502
496
500
494
496
495
490
493
501
505
515
522
531pic
531
534
533
535
525
532
524
526
522
524
523
519
518
Last 10 sec number of pic : 20 Number of pic of precedent 10 sec : 22

514
515
517
514
515
520
517
517
516
512
514
512
514
517
514
510
512
512
515
508
507
509
510
512
515
512
515
511
510
505
503
492
462
474
518
528
520
514
515
507
507
508
506
502
507
505
503
504
503
501
496
495
493
494
489
486
488
493
498
509
520
521
524
533pic
529
532
526
524
523
522
519
518
515
515
513
510
511
515
512
508
512
513
510
511
511
513
510
510
510
508
508
508
508
507
503
504
500
512
515
515
509
513
515
512
516
507
490
460
484
539pic
528
523
521
517
512
510
517
508
509
508
511
506
506
504
502
500
500
495
490
488
487
491
501
504
513
524
528
533pic
530
532
527
529
527
526
523
521
523
514
518
519
517
514
518
514
513
515
520
519
513
516
516
512
516
516
511
513
513
514
508
508
506
505
503
505
505
505
513
515
515
512
512
511
510
504
498
468
475
514
534pic
522
517
517
515
510
512
512
509
508
506
508
507
504
504
506
495
492
488
486
491
492
495
502
507
513
524
525
527
530
529
527
521
519
519
517
513
510
515
514
513
505
512
514
510
515
508
510
508
510
512
508
507
507
505
503
504
504
500
501
499
514
509
513
516
514
513
513
512
503
497
465
486
534pic
533
514
520
513
512
503
513
507
502
508
509
506
506
507
506
501
494
495
492
490
495
494
504
507
517
525
525
528
530
536pic
528
528
524
520
518
514
516
511
513
510
511
512
509
507
511
517
511
509
511
511
514
505
506
502
508
503
505
502
507
509
508
508
514
507
510
506
501
499
477
475
505
534pic
519
511
511
508
509
507
510
509
504
505
504
509
506
503
500
498
492
488
491
489
495
496
503
512
519
523
531pic
531
532
529
530
529
525
523
523
519
517
512
507
506
509
510
510
512
511
506
511
511
511
511
514
512
512
510
509
507
505
506
502
500
500
499
503
507
508
509
507
508
505
507
496
482
457
479
533pic
519
510
516
510
509
505
504
503
505
504
503
504
502
498
498
497
493
491
494
488
488
491
497
503
515
525
531pic
528
528
529
528
529
526
521
520
518
517
519
515
512
513
507
512
510
511
513
510
512
515
511
510
513
511
509
509
511
510
505
510
508
504
508
503
507
497
507
502
507
513
514
512
511
515
511
509
508
493
463
478
524
529
522
519
518
518
513
511
510
510
508
506
505
504
506
500
498
500
491
489
485
487
489
491
496
504
516
520
524
529
528
525
523
521
520
520
517
517
514
514
511
512
510
512
508
512
512
509
510
509
511
506
512
510
507
510
508
508
511
512
509
510
508
510
512
512
510
508
504
505
507
502
506
507
511
514
517
518
517
517
515
516
510
497
464
482
539pic
531
526
525
524
524
520
520
515
515
518
518
513
513
514
515
510
508
503
502
500
500
501
507
510
519
523
530
534pic
535
536
534
527
530
523
520
520
518
519
519
515
514
514
512
511
514
513
512
505
505
510
506
504
509
504
505
504
509
508
508
507
504
508
502
501
499
496
501
497
504
510
508
508
512
509
507
509
500
497
474
476
512
534pic
519
515
510
512
510
510
507
505
504
510
507
508
499
506
499
504
496
492
496
496
489
497
506
509
515
528
530
532pic
529
530
526
528
523
519
518
513
512
515
512
511
511
512
512
511
508
513
514
513
510
508
513
510
511
507
504
506
503
503
503
504
509
511
513
510
513
509
508
505
498
485
470
492
538pic
523
510
516
511
510
502
506
509
506
505
511
508
504
501
503
501
497
490
495
496
501
498
503
512
523
527
529
529
533pic
532
530
527
528
516
519
516
512
512
512
510
508
509
505
504
507
507
507
508
505
510
506
508
508
505
504
503
504
504
497
505
507
514
516
511
514
511
510
504
508
498
479
462
483
528
519
515
513
510
509
503
504
507
504
503
504
508
501
500
502
498
495
493
488
486
489
488
495
502
516
519
524
527
530
527
526
528
524
517
518
515
513
514
514
508
513
510
511
514
514
515
514
511
512
510
513
509
511
510
509
512
507
507
509
503
503
506
507
510
517
515
515
512
513
512
506
499
459
471
518
538pic
522
522
518
513
512
511
513
511
512
512
509
508
503
502
502
495
498
491
487
488
493
491
502
506
520
526
530
534pic
529
533
528
527
527
524
521
519
515
514
515
520
512
515
514
510
513
512
512
512
512
509
510
510
511
511
510
509
509
510
508
503
504
504
502
501
505
508
510
512
514
510
509
510
509
495
467
469
502
532pic
525
515
517
515
510
509
510
509
509
511
508
509
510
503
504
499
499
496
492
491
499
497
504
510
520
528
532pic
531
533
533
528
527
527
518
518
517
519
514
514
511
510
508
514
514
512
510
513
516
511
510
508
510
513
508
512
511
511
509
508
512
508
507
505
504
500
508
514
511
517
513
513
512
512
510
499
480
471
492
536pic
522
517
509
512
510
505
508
508
507
507
505
507
504
504
505
497
497
494
489
490
490
495
496
506
511
517
523
529
526
531pic
524
523
518
514
518
508
511
512
507
505
508
506
505
510
508
504
508
507
507
507
500
505
508
503
500
502
502
496
495
499
503
506
511
Last 10 sec number of pic : 22 Number of pic of precedent 10 sec : 20

510
508
509
511
506
501
495
462
476
522
527
522
517
513
510
509
507
507
508
507
506
504
504
506
505
502
499
496
492
491
489
492
498
503
515
523
529
526
536pic
535
531
531
529
523
522
521
520
513
513
515
514
513
515
515
514
514
514
512
514
514
515
515
514
512
510
511
511
507
507
510
504
506
502
501
498
512
513
513
513
513
515
512
511
503
494
458
483
535pic
527
517
522
512
513
514
508
510
512
508
508
506
508
504
508
504
500
497
493
492
492
494
497
503
514
518
529
535pic
532
530
531
524
526
526
521
522
519
515
515
512
511
515
515
512
508
513
512
511
511
512
515
515
513
512
513
512
514
509
510
505
508
503
504
498
497
502
500
507
508
509
506
507
508
504
500
495
467
470
503
527
515
516
514
509
508
508
507
502
507
508
505
506
505
500
501
498
492
495
493
492
492
491
501
508
518
523
527
530
532pic
527
529
525
518
516
517
518
514
513
512
512
513
517
515
511
512
516
516
516
512
514
515
514
513
513
516
515
513
509
510
511
515
507
508
503
513
516
515
519
518
517
519
520
515
506
485
475
496
545pic
528
524
525
521
516
510
515
513
508
511
515
508
515
508
512
508
508
502
498
506
505
504
507
515
519
527
531pic
534
533
530
527
523
518
518
516
513
506
508
509
506
508
506
507
506
511
504
509
507
506
501
505
503
502
503
505
502
496
498
498
497
513
508
511
508
512
508
508
504
498
467
478
519
530
513
510
511
506
505
502
506
502
504
506
503
503
504
501
499
500
495
492
489
491
492
496
502
512
518
524
528
533pic
530
530
525
527
521
521
517
514
514
517
512
515
508
512
513
512
511
513
510
510
513
509
505
509
505
507
509
507
503
506
498
499
505
510
512
512
514
512
513
512
515
507
495
467
479
520
531pic
518
522
517
515
510
512
509
512
509
508
511
503
506
505
502
502
500
494
492
493
497
498
502
515
519
524
530
531pic
533
533
529
527
521
520
522
521
514
510
514
510
511
509
512
507
510
513
511
512
514
506
508
514
511
509
506
505
505
507
501
504
504
508
512
511
509
515
515
510
511
502
487
465
483
538pic
525
519
522
521
516
516
512
508
512
512
512
508
511
507
505
499
505
500
495
496
496
500
504
507
518
527
531pic
532
531
533
529
528
530
519
519
516
516
514
508
512
512
509
507
510
506
510
505
512
513
510
505
506
506
505
505
504
502
498
496
498
499
508
507
508
511
511
509
506
511
502
487
460
477
536pic
520
513
514
512
507
511
505
504
503
506
505
505
507
500
499
495
495
493
488
490
486
487
494
501
512
518
524
525
527
527
524
525
523
517
516
516
513
508
511
509
507
512
508
508
509
507
510
512
510
508
511
508
511
511
510
505
505
504
505
500
498
501
505
506
510
511
507
511
511
509
505
494
462
473
527
528
519
517
520
514
508
511
508
505
508
506
508
504
504
505
502
497
497
491
493
492
492
497
504
514
521
525
532pic
531
529
529
530
525
522
521
523
521
517
512
514
514
509
508
511
512
510
511
513
512
513
511
508
513
513
511
512
508
511
512
510
510
510
509
505
505
505
502
502
509
517
512
513
514
513
511
514
507
497
465
475
522
529
520
522
519
513
512
512
511
514
507
508
509
511
508
504
504
499
499
495
492
493
494
499
504
512
520
523
531pic
532
531
529
529
523
524
524
522
518
517
517
516
516
509
510
512
511
510
512
511
509
511
509
512
511
514
512
511
510
509
511
511
515
507
510
510
505
508
509
506
505
499
511
514
515
514
515
515
515
514
511
500
476
473
503
535pic
520
521
519
515
510
512
512
509
511
507
507
502
504
503
502
498
501
492
491
489
491
494
499
509
515
522
524
528
527
528
523
526
524
518
518
517
509
509
509
509
508
510
506
510
510
508
507
508
506
512
508
508
510
509
508
507
507
506
505
503
499
504
503
493
501
502
507
514
511
507
510
508
511
508
507
493
466
483
530
530
514
514
510
510
508
510
504
506
505
505
507
506
502
502
502
503
495
494
492
492
494
493
506
513
521
528
532pic
532
529
527
532
523
520
521
520
521
516
508
511
512
518
509
511
509
513
510
508
515
513
510
510
510
507
510
513
509
506
507
507
507
498
506
503
510
510
510
510
510
512
512
511
501
492
463
478
532pic
530
519
520
518
511
512
511
507
505
508
507
507
506
502
500
497
494
496
488
491
489
488
493
500
511
522
527
533pic
534
533
531
534
530
532
519
519
519
517
516
517
513
512
508
510
510
510
511
512
510
510
510
511
508
513
510
510
506
508
509
506
504
506
504
502
502
501
501
508
512
512
512
512
512
513
512
507
492
461
482
530
531pic
519
522
519
517
510
510
510
510
511
508
506
508
508
505
504
503
497
494
495
494
493
496
499
513
518
528
532pic
532
533
529
529
530
526
523
520
520
515
515
513
514
512
512
512
513
514
513
510
509
512
514
511
511
512
512
510
511
511
512
512
508
508
506
504
504
506
508
512
513
516
511
512
515
516
510
504
487
464
483
532pic
526
523
Last 10 sec number of pic : 21 Number of pic of precedent 10 sec : 22

520
513
512
511
506
510
509
511
509
508
501
499
501
499
494
493
490
494
494
492
501
504
513
519
528
531pic
529
529
530
526
527
520
519
517
522
515
511
513
513
512
512
510
515
512
515
510
508
515
513
514
510
512
509
507
507
504
501
505
498
504
509
505
514
512
514
514
510
507
506
496
465
481
535pic
527
515
516
510
509
510
506
502
506
502
507
504
507
503
500
501
500
497
488
493
488
491
498
498
511
518
522
529
529
527
531pic
524
526
518
518
515
512
515
511
512
507
508
506
504
510
512
510
508
511
508
507
505
509
506
505
502
503
500
500
498
500
508
508
508
508
508
508
510
506
500
481
459
481
536pic
520
516
513
512
511
510
508
508
507
510
508
507
504
502
502
496
496
496
489
489
487
493
498
502
512
519
525
532pic
535
532
531
530
531
525
521
521
521
517
514
511
512
512
511
511
506
512
509
510
508
512
508
507
508
508
510
507
510
510
505
506
505
500
501
500
511
510
510
511
515
509
512
509
508
497
461
472
511
531pic
519
525
520
515
514
512
510
510
511
510
511
506
504
505
506
502
497
496
491
492
492
493
500
505
519
525
530
534pic
535
532
534
531
530
523
525
524
523
516
516
519
516
516
515
516
514
517
514
516
507
514
514
510
511
512
512
512
510
511
506
507
504
500
502
509
514
514
512
509
514
512
511
507
495
461
470
522
528
520
524
515
514
511
506
507
515
510
505
504
499
499
507
501
494
497
493
495
495
494
498
502
513
511
521
530
531pic
534
533
529
524
524
523
514
515
513
512
514
513
508
511
512
512
511
504
508
505
513
505
510
504
507
505
505
502
500
511
510
507
513
510
516
513
512
511
507
502
489
467
479
540pic
522
512
511
509
507
511
507
508
506
504
505
504
502
503
505
502
499
498
494
495
495
495
500
503
510
520
524
525
528
532pic
528
524
523
519
521
515
515
513
512
511
514
511
509
509
510
512
512
510
510
508
510
509
503
504
505
501
497
499
505
507
508
507
509
511
510
504
505
498
476
473
501
533pic
520
518
516
512
511
511
512
511
509
507
506
506
506
507
499
499
495
495
495
489
491
495
495
509
517
524
537pic
537
534
534
530
528
523
523
519
517
518
511
514
510
508
509
508
508
505
510
508
507
506
508
508
508
508
506
507
507
505
501
505
498
498
496
506
512
511
512
510
513
511
511
504
494
460
475
516
526
521
523
513
515
513
512
511
509
508
508
507
511
507
508
502
497
495
496
489
495
491
495
497
504
516
524
530
534pic
531
530
527
525
521
521
521
519
516
518
514
513
510
515
514
513
514
515
513
507
516
513
515
510
512
511
509
513
510
514
510
506
509
509
505
507
501
505
511
513
515
512
515
512
514
509
502
472
473
504
531pic
524
522
521
516
516
511
515
514
510
509
512
510
512
510
509
504
499
500
500
495
497
497
504
508
519
526
527
535pic
533
531
530
526
527
524
521
518
521
517
512
515
513
515
516
514
514
509
512
511
511
508
512
512
505
508
507
510
508
504
511
503
497
491
494
489
495
494
502
498
503
507
503
506
508
504
501
495
458
479
528
531pic
513
512
513
507
510
508
505
508
507
509
507
510
509
506
503
503
498
495
493
496
492
498
506
508
516
523
529
529
528
528
535pic
524
519
519
518
515
515
515
512
508
510
510
508
510
511
511
509
510
510
508
506
510
507
510
507
506
504
506
500
502
498
500
502
497
511
513
509
510
509
508
508
509
497
479
478
502
539pic
524
528
520
518
513
509
508
508
508
510
507
505
502
504
501
499
493
496
490
490
488
496
497
499
512
521
525
526
531pic
532
527
523
520
523
519
516
512
515
508
512
509
509
510
513
513
514
509
511
512
512
513
513
511
513
512
508
510
510
508
513
505
511
507
507
498
501
503
507
510
513
512
512
513
512
514
508
498
478
470
496
536pic
521
520
519
517
514
510
511
509
509
510
503
510
506
506
502
496
501
501
495
496
495
497
496
508
517
524
529
531pic
539
537
535
527
530
528
526
519
519
520
514
516
518
519
518
515
513
513
519
513
516
511
509
516
512
513
510
512
511
509
511
510
507
508
510
508
498
500
501
508
508
508
513
509
509
510
510
498
491
463
480
531pic
520
520
514
504
500
501
501
509
498
504
513
505
501
496
477
501
495
481
488
492
490
481
507
493
508
521
529
526
536pic
534
531
527
520
521
528
517
525
514
522
514
520
506
511
520
508
520
519
514
510
490
516
504
514
502
509
516
498
508
489
489
496
472
482
466
489
490
488
513
517
499
512
479
489
532pic
540
538
520
516
509
507
509
494
516
505
501
519
491
516
492
512
495
504
479
492
493
476
505
508
505
503
510
530
517
521
529
507
550pic
527
524
519
539
534
543
531
511
530
541
517
534
513
511
532pic
516
512
526
510
497
517
495
508
507
497
513
508
496
517
507
532pic
529
518
528
536
513
507
502
465
471
417
406
458
456
470
460
445
463
468
444
474
475
455
488
476
488
487
480
492
492
490
486
463
490
498
492
483
494
508
515
516
502
513
516
Last 10 sec number of pic : 27 Number of pic of precedent 10 sec : 21

510
537pic
556
555
588
600
595
646
653
643
629
660
633
631
583
561
551pic
530
526
507
487
468
444
423
411
383
400
394
403
426
471
460
480
483
488
480
487
481
497
498
491
471
456
472
519
522
514
515
512
507
497
496
496
465
512
489
481
467
453
438
465
456
432
448
444
441
470
462
468
498
499
493
538pic
534
537
540
532
545
552
537
555
546
542
569
562
553
546
575pic
549
573
572
555
559
560
569
553
563
569
560
568
582
550
568pic
583
579
565
591
589
598
613
596
596
592
607
609
591
600
596pic
578
579
558
571
608
619
603
583
580
576
560
569
550
548
553pic
529
535
534
533
525
514
527
513
521
510
506
512
506
505
529
530
527
523
511
515
518
514
511
492
493
501
495
484
497
489
485
467
494
473
460
482
471
461
461
451
444
464
462
453
463
457
452
444
448
444
413
406
434
417
432
418
417
446
428
442
440
408
416
407
389
388
455
412
405
408
394
381
388
417
401
403
424
424
417
439
465
448
478
478
459
490
502
499
503
519
526
540pic
566
559
586
591
580
584
590
588
581
596
589
587
632
632
632pic
671
681
666
709
699
691
684
675
670
656
648
630
623
606
602pic
587
575
569
555
545
534
530
531
521
513
511
507
501
505
505
495
502
486
489
454
440
463
489
512
491
467
505
466
492
489
469
478
465
487
483
473
484
472
477
469
476
461
469
457
466
479
471
488
492
502
508
511
510
511
507
504
501
502
501
500
496
495
498
495
498
497
499
492
501
499
496
496
497
494
496
496
496
495
496
493
491
489
496
493
487
492
492
501
505
504
503
505
508
503
500
496
478
439
457
509
504
476
472
493
489
460
473
483
495
480
471
449
493
483
480
491
472
453
486
464
448
479
477
470
472
511
512
512
494
527
533pic
521
513
506
508
505
525
502
500
527
492
524
507
498
513
516
514
516
496
520
518
509
531pic
526
532
525
527
513
543
534
489
462
450
454
475
455
491
478
497
505
497
500
503
545pic
528
513
510
543
594
604
584
577
572
575
568
592
570
564
551pic
534
533
512
490
507
479
504
473
467
425
487
462
452
467
475
445
520
507
496
520
528
530
585pic
566
577
584
588
594
625
703
727
746
766
769
769
771
742
724pic
700
685
675
650
664
636
619
624
625
650
665
672
670
651
655pic
610
603
582
570
560
528
525
515
508
487
474
480
465
416
404
458
483
458
441
420
412
415
419
415
405
399
404
420
398
402
388
398
400
384
394
367
368
381
361
373
391
381
391
410
408
404
403
399
383
360
398
394
373
359
353
364
346
337
382
359
358
356
346
364
384
377
399
408
426
420
429
450
449
432
480
469
477
467
472
491
497
480
546pic
540
550
547
568
566
561
565
547
545
487
578
606
588
567
584pic
588
602
618
627
615
608
597
591
568
591
549
556
547
519
540pic
536
500
520
495
508
508
507
523
515
532
524
521
540
516
520
525
497
512
511
504
514
505
520
513
523
500
519
519
511
507
501
516
519
516
502
517
509
506
510
508
512
502
507
508
518
528
525
519
524
513
511
519
528
523
496
461
525
563pic
533
523
517
512
542
502
525
489
518
488
504
520
452
424
452
451
466
457
462
472
477
480
507
508
519
524
547pic
541
532
550
554
543
527
550
531
524
502
561
535
522
521
515
522
516
518
521
522
518
524
516
517
523
515
513
511
527
516
515
518
509
511
514
514
509
521
529
551pic
561
578
581
617
644
637
631
608
599
619
648
618
590
577
559pic
547
534
524
512
511
497
492
485
471
456
449
447
441
445
438
432
419
429
432
444
451
463
467
481
487
476
483
494
489
477
489
483
479
504
481
483
490
487
496
489
492
487
500
496
500
502
507
510
511
515
517
505
511
508
523
516
509
507
501
510
497
498
504
501
516
509
506
523
516
516
510
509
469
472
504
563pic
525
513
521
513
510
505
512
516
506
499
515
508
504
499
501
495
490
485
495
488
494
487
487
491
510
495
526
515
524
519
525
516
515
515
515
550pic
560
566
551
569
555
561
542
540
536
526
530
530
522
516
530
515
511
505
507
505
490
480
482
477
470
469
482
497
491
485
476
494
494
492
481
474
448
437
478
506
480
475
481
452
466
477
467
464
465
476
478
481
495
492
487
491
504
483
481
491
505
491
498
512
515
522
524
519
528
528
512
513
537pic
485
463
492
483
432
430
428
451
436
460
469
469
487
493
491
476
527
550pic
515
527
532
544
539
510
516
516
491
553
543
537
554
533
569pic
510
512
495
450
501
532
555
549
568
680
682
685
664
584
601pic
567
535
524
524
462
443
459
425
468
477
443
486
471
480
487
490
510
584pic
622
638
641
630
621
602
595
582
573
555
549
542
522
509
521
525
535pic
535
536
540
533
527
513
492
485
474
476
461
454
458
455
454
455
461
464
461
458
464
468
473
470
479
466
460
494
536pic
523
502
492
477
479
472
478
474
470
471
475
471
475
469
473
473
462
477
474
462
496
485
511
511
527
543pic
540
554
569
575
559
551
552
560
559
550
549
551
531
546
535pic
550
537
536
528
527
528
526
530
522
516
519
512
Last 10 sec number of pic : 35 Number of pic of precedent 10 sec : 27

523
531pic
524
513
502
503
506
499
481
492
506
499
500
496
500
502
503
496
489
471
453
485
519
501
488
487
484
486
483
493
481
498
498
501
509
511
503
489
493
486
480
485
476
473
477
467
487
505
497
519
526
518
528
515
519
505
506
510
498
497
488
508
490
498
483
508
503
500
499
516
519
508
518
517
515
527
522
529
515
520
521
536pic
521
516
529
526
513
523
507
521
512
521
521
520
525
520
526
530
528
525
518
499
483
502
549pic
556
537
525
530
521
524
522
524
524
527
514
522
515
518
523
512
512
505
504
509
508
504
511
522
517
529
526
540pic
547
541
536
540
525
538
531
532
530
600
621
615
605
591
581pic
567
568
570
560
545
544
536
536
535
526
526
511
523
512
515
505
499
507
501
497
494
484
498
497
504
486
499
490
490
499
490
486
485
489
487
484
484
486
475
480
471
471
463
432
461
502
519
495
480
487
493
491
482
481
503
490
496
500
507
511
510
507
508
510
507
504
500
498
511
509
514
525
530
533pic
538
543
543
543
543
543
542
528
531
532
536
536
531
529
520
537pic
531
526
527
525
517
525
521
514
513
508
508
507
497
510
496
508
504
502
496
498
502
501
507
483
495
487
491
486
486
486
481
492
492
496
496
487
489
488
492
492
477
460
469
506
533pic
511
497
500
498
499
492
497
494
504
503
493
498
498
495
504
505
499
508
506
498
493
487
490
512
516
526
518
524
525
529
529
528
513
518
519
513
514
510
514
505
501
498
509
496
512
508
505
505
499
509
497
515
508
507
502
506
512
496
508
503
501
504
508
503
504
514
512
510
504
509
498
497
507
509
505
504
505
508
509
510
506
505
503
490
466
487
536pic
540
523
503
514
508
512
514
502
511
506
509
511
511
507
512
507
505
497
493
498
491
491
496
505
494
508
503
517
522
539pic
526
518
522
522
519
523
515
511
520
511
513
512
512
503
508
515
508
516
504
511
503
508
505
496
497
505
508
504
499
506
499
499
503
513
503
506
496
502
486
505
509
495
500
511
519
516
513
511
522
525
516
504
491
477
505
557pic
526
519
514
518
508
508
514
514
507
511
499
513
504
501
507
499
495
496
498
492
495
493
491
496
502
510
520
519
525
527
530
528
522
523
520
515
516
519
505
509
513
519
504
508
522
507
512
508
511
507
514
512
503
505
507
510
511
512
509
507
510
504
519
514
507
508
506
502
502
504
509
505
513
516
504
512
506
509
508
506
492
483
470
493
545pic
526
505
510
513
509
511
504
504
510
510
502
510
499
497
503
488
503
493
493
492
486
486
491
500
503
514
516
524
529
535pic
529
524
522
522
523
527
520
520
508
521
518
511
519
519
507
519
507
513
513
512
514
506
509
507
497
516
518
502
507
508
511
505
520
500
513
512
512
494
506
506
500
501
507
507
500
515
511
514
514
509
511
505
495
475
471
509
550pic
530
506
514
511
511
503
511
509
509
504
507
505
506
500
498
500
504
500
495
483
492
492
491
487
499
507
518
521
523
529
534pic
527
528
517
521
515
519
525
508
508
512
513
508
511
514
517
510
512
511
511
515
510
512
514
515
515
510
510
511
502
516
511
504
507
513
516
514
499
516
506
496
508
502
498
506
507
512
513
503
512
515
516
519
508
502
482
469
502
563pic
517
514
516
511
506
499
502
504
505
508
499
505
502
499
512
501
496
499
490
492
493
499
490
494
491
508
519
528
526
533pic
509
539
531
515
525
523
519
511
517
515
515
514
509
524
511
513
517
504
528
529
518
513
514
525
504
512
524
517
511
512
518
505
512
531pic
520
508
529
515
511
530
508
529
508
510
497
501
491
502
491
504
512
512
516
510
506
508
494
493
473
440
460
527
497
500
493
499
472
499
511
496
500
496
495
499
500
509
495
510
486
494
498
494
495
489
495
497
497
507
521
532pic
553
526
555
570
576
542
560
545
530
543
537
542
518
509
527
524
516
508
507
517
521
492
504
494
502
494
491
501
496
518
512
498
511
500
511
515
509
505
499
508
495
496
502
502
516
514
524
512
511
512
506
505
496
488
469
465
477
525
500
489
492
479
471
460
461
455
455
451
463
454
458
459
471
478
475
475
472
464
457
454
449
436
436
440
422
414
403
377
368
351
358
371
372
378
374
414
402
411
420
427
432
448
459
476
476
488
492
503
511
516
526
521
522
527
531pic
528
528
531
529
524
518
518
527
526
518
519
515
515
520
512
528
524
522
527
524
529
525
518
513
498
490
524
549pic
524
520
524
519
515
518
518
512
510
518
519
515
510
516
529
537pic
528
532
529
526
521
539
529
541
544
548
561
562
568
574
575pic
574
574
565
571
559
555
557
560
547
556
562
553
557
547
548pic
545
543
543
539
540
534
542
537
528
534
534
534
539
533pic
539
529
529
520
530
527
523
521
523
526
531
524
532
537
524
533pic
532
520
505
503
532
551
543
533
543
538
538
529
527
530
527
536pic
534
526
536
529
531
522
522
524
515
504
510
507
503
517
527
519
527
537pic
540
541
539
540
535
535
531
533
535
532
Last 10 sec number of pic : 28 Number of pic of precedent 10 sec : 35

524
523
527
530
527
528
524
522
525
520
524
518
528
520
529
523
527
522
519
511
521
500
504
504
507
514
512
508
517
516
509
513
510
495
487
480
502
541pic
516
510
512
512
510
509
515
503
503
510
513
514
515
508
507
515
511
501
499
507
494
495
492
501
500
509
512
519
521
523
520
514
511
512
511
506
504
505
509
502
509
502
495
499
499
502
502
505
508
499
499
494
500
502
498
491
497
492
496
500
500
504
500
497
508
500
490
487
462
482
534pic
523
501
505
504
504
501
501
494
500
504
504
500
499
505
499
499
497
496
486
490
493
489
487
492
499
514
518
517
519
528
531pic
531
530
525
514
516
522
519
513
516
520
517
508
510
515
516
517
508
511
512
514
516
510
510
505
503
513
512
516
518
517
518
516
513
512
517
512
506
466
481
541pic
538
519
520
520
517
514
514
520
508
508
509
515
511
505
512
509
502
502
500
490
502
498
495
494
510
515
527
527
528
535pic
531
528
531
533
529
527
520
520
523
519
527
521
521
520
519
522
521
525
521
523
519
521
520
517
515
510
513
512
506
513
512
513
520
519
516
507
509
511
504
470
489
540pic
534
516
510
516
513
512
505
509
508
508
506
504
508
507
513
508
504
497
500
503
502
492
507
504
508
524
523
523
537pic
539
530
529
521
530
519
519
522
523
514
519
509
510
508
506
511
511
515
508
503
508
505
495
499
504
503
502
500
503
500
506
507
507
499
502
495
490
470
488
523
531pic
506
497
500
496
503
492
494
495
497
495
501
502
492
493
494
493
493
487
489
487
483
489
495
502
510
512
509
527
520
524
524
523
511
515
513
512
513
506
504
510
512
511
505
505
509
504
496
513
508
502
500
500
496
499
502
511
510
512
507
510
503
511
512
504
496
470
488
535pic
525
518
511
506
505
507
507
502
503
496
504
507
498
503
497
497
498
496
486
492
488
487
493
498
496
502
521
527
520
526
527
525
525
523
521
515
516
523
520
515
510
516
513
514
521
515
511
509
519
512
515
516
513
512
509
504
505
506
505
508
519
515
515
514
515
518
515
510
504
483
475
499
539pic
520
515
512
515
515
509
512
507
508
514
515
509
511
504
505
502
499
504
497
492
499
497
495
501
511
518
522
527
533pic
529
533
526
525
525
522
521
518
517
512
518
515
516
515
517
513
511
513
512
514
514
510
518
511
507
510
512
508
511
507
512
510
507
501
503
499
504
506
499
509
512
512
509
514
512
511
510
504
495
465
481
531pic
523
518
513
513
512
513
509
507
507
509
504
507
507
509
507
502
497
496
494
499
494
488
497
492
505
505
516
522
526
524
527
528
522
522
519
522
519
521
515
513
515
511
515
516
510
512
519
513
510
515
512
511
511
509
511
511
516
512
508
511
511
509
510
504
511
512
512
515
507
502
506
503
507
504
509
513
508
512
519
512
515
515
512
496
483
485
513
531pic
515
517
518
508
509
508
512
508
505
509
510
512
505
510
509
501
505
505
503
498
502
502
503
508
515
518
523
531pic
530
534
530
525
521
523
521
518
518
514
506
514
507
511
511
510
510
514
510
507
500
507
510
508
507
504
503
499
503
503
502
500
496
498
489
493
501
502
505
506
501
508
507
504
504
496
483
467
489
532pic
520
503
510
504
502
505
499
503
503
501
506
503
507
509
502
500
499
499
499
494
490
495
496
501
502
515
523
527
532pic
530
532
529
521
524
525
516
519
516
516
511
516
511
512
512
514
512
515
511
515
508
512
507
509
516
507
511
509
511
511
507
504
505
509
504
501
503
500
511
515
511
510
504
515
514
510
499
475
477
514
535pic
510
515
520
513
511
508
508
508
509
511
510
510
509
508
505
499
502
503
500
493
496
493
497
499
510
512
515
527
531pic
529
532
527
525
523
521
521
519
516
518
517
513
515
515
515
513
510
512
516
510
511
513
509
514
513
508
506
510
511
509
509
511
508
502
502
503
502
505
501
510
510
510
511
517
512
513
510
503
490
465
483
537pic
521
518
515
514
512
508
510
507
507
507
510
508
510
508
504
502
507
498
497
492
496
494
497
499
501
516
521
525
529
530
525
528
529
527
520
524
521
516
513
515
519
517
508
512
515
511
513
513
512
514
512
504
515
511
508
511
508
512
514
510
511
511
514
507
504
508
501
504
512
515
517
518
512
518
516
518
516
501
487
485
507
542pic
521
519
519
517
516
517
510
511
513
516
512
517
511
512
509
506
507
505
500
499
501
501
498
502
512
517
521
523
527
524
531pic
523
525
518
520
518
513
507
514
511
508
505
513
513
509
507
507
506
504
506
511
508
512
504
502
497
505
503
501
498
503
497
499
487
500
509
507
504
508
501
503
506
502
496
479
476
506
533pic
509
510
510
504
503
495
501
506
500
505
504
504
506
503
504
501
497
494
494
497
494
491
495
497
508
514
524
529
530
530
526
527
521
518
519
518
515
513
515
508
513
508
514
509
511
507
511
512
509
511
512
507
505
509
506
511
510
512
508
511
507
506
507
507
503
500
501
501
506
Last 10 sec number of pic : 22 Number of pic of precedent 10 sec : 28

513
509
510
512
515
515
512
512
502
490
472
497
540pic
526
516
518
514
513
508
515
513
511
510
512
510
509
504
507
508
507
503
496
492
491
492
497
499
509
513
519
524
526
532pic
527
528
532
521
519
524
516
518
516
516
515
512
512
510
514
511
514
507
510
511
509
515
505
510
508
508
507
508
508
510
509
504
511
508
511
507
505
506
506
500
503
501
502
504
500
510
514
512
511
517
508
511
514
506
495
461
487
535pic
523
512
515
514
514
513
509
509
514
514
507
511
510
506
507
506
501
499
498
494
491
495
491
496
502
506
516
521
526
528
534pic
527
527
524
524
519
520
519
516
516
517
515
509
514
511
510
512
510
515
511
511
510
506
511
510
510
512
510
510
511
507
507
506
507
514
508
506
508
508
507
507
509
504
501
502
500
504
498
504
512
511
513
508
513
510
513
508
498
471
472
509
536pic
518
516
523
515
511
513
515
506
504
513
514
510
508
506
504
501
498
502
497
491
490
490
495
496
505
514
526
527
529
533pic
532
527
528
528
523
516
521
523
519
512
514
513
511
519
513
506
512
515
512
510
512
517
511
505
504
508
515
512
509
511
502
501
504
504
502
501
498
507
514
508
514
519
508
511
511
508
499
461
481
534pic
530
517
516
514
511
510
509
505
506
511
508
509
507
500
508
500
496
495
498
495
492
489
489
495
502
509
518
527
530
533pic
534
529
529
527
526
523
520
519
518
515
515
512
511
516
513
511
512
512
512
511
511
513
511
513
509
511
510
510
512
506
500
503
504
503
505
508
512
513
516
514
512
511
513
505
493
460
478
540pic
529
516
518
515
511
511
508
509
508
507
511
504
509
507
503
502
502
498
493
493
490
492
491
495
500
508
516
528
531pic
530
532
532
530
523
520
520
524
520
514
512
511
512
517
510
512
513
512
515
515
509
508
512
510
514
508
510
513
509
508
504
504
499
503
506
509
511
510
513
512
515
512
512
505
501
461
478
527
531pic
522
512
516
512
509
508
511
510
507
507
509
506
503
510
504
502
499
494
489
490
493
491
489
504
510
514
526
526
529
534pic
531
531
522
519
521
515
518
511
514
510
516
513
505
512
512
510
513
511
509
511
510
509
511
512
506
508
508
505
500
501
500
498
496
497
497
508
506
514
507
511
507
512
513
506
499
462
475
528
540pic
519
523
516
515
500
494
524
529
515
505
509
503
496
511
507
492
497
497
490
481
480
495
494
495
505
525
522
535pic
538
537
535
539
534
536
534
532
524
527
528
527
522
530
526
534pic
524
531
528
529
520
527
524
526
526
522
514
523
523
528
518
514
516
506
510
504
515
526
525
539pic
522
539
519
499
515
509
483
444
466
527
523
508
512
499
495
508
500
504
510
507
509
510
507
512
500
504
504
500
493
486
487
483
488
487
489
498
510
517
525
524
518
526
522
526
513
511
508
504
510
513
515
511
512
512
509
508
502
503
514
506
506
504
518
501
503
497
497
492
496
482
484
486
494
494
500
506
495
502
499
509
500
494
480
447
473
527
527
503
502
509
488
494
493
492
496
495
501
503
489
494
504
491
490
498
493
481
487
484
499
503
512
516
522
529
535pic
545
532
537
527
550
527
527
526
523
512
519
524
511
519
513
505
514
516
513
507
512
504
513
517
511
506
511
503
513
501
501
515
512
518
512
512
504
515
508
504
489
454
479
547pic
531
517
515
511
513
516
521
512
507
515
512
516
521
516
509
506
507
504
511
502
506
499
496
508
503
525
520
528
540pic
535
532
530
530
532
524
519
524
515
519
517
517
511
511
508
516
508
503
505
511
506
508
506
506
507
508
500
494
507
495
501
509
510
505
504
514
512
509
505
503
502
463
470
512
534pic
517
519
517
514
507
512
507
510
512
509
510
507
499
515
498
500
498
501
492
489
492
493
491
499
512
517
523
523
530
540pic
536
527
525
523
522
519
522
515
516
522
515
522
509
508
515
515
518
509
507
514
512
513
510
514
508
504
512
512
505
503
500
512
496
498
497
504
518
503
511
510
509
511
505
514
507
492
463
470
520
536pic
523
513
517
515
506
507
502
513
513
501
505
499
508
500
503
500
494
492
495
492
489
492
491
505
508
524
516
527
531pic
531
528
525
530
522
525
523
519
513
512
510
515
510
512
510
509
508
511
512
511
514
506
508
506
510
514
513
510
504
504
509
516
503
507
509
504
508
499
503
499
495
507
514
501
513
512
508
515
516
505
507
515
496
481
462
492
545pic
518
518
517
516
508
518
516
502
523
508
506
509
507
503
510
487
508
500
488
494
492
487
490
495
501
508
518
524
526
536pic
519
520
525
523
528
520
519
514
511
513
497
507
510
510
510
503
510
505
501
495
511
505
502
501
495
500
494
493
490
493
496
491
496
492
486
487
483
480
481
471
471
470
475
469
458
460
465
469
473
457
460
465
459
448
423
420
402
433
483
461
465
472
479
495
480
487
495
510
505
511
519
515
516
521
526
523
526
524
527
533pic
535
533
534
543
551
561
566
568
571
564
563
563
554
559
552pic
Last 10 sec number of pic : 27 Number of pic of precedent 10 sec : 22

551
549
548
545
541pic
538
550
546
536
531
527
536
530
530
526
524
525
521
519
515
494
503
508
500
508
506
508
505
507
514
511
514
510
520
509
513
513
509
507
511
515
513
518
522
521
523
516
517
516
502
491
475
507
536pic
515
519
527
513
522
509
510
515
510
504
508
515
504
506
503
507
506
499
502
497
492
495
505
504
502
512
518
525
527
533pic
537
529
526
524
521
527
516
515
516
515
516
519
515
515
512
513
516
523
512
519
511
513
511
516
520
514
510
512
510
509
515
511
506
515
508
506
508
505
505
501
504
497
498
496
505
509
516
513
510
512
516
507
507
504
487
491
504
532pic
516
517
521
517
513
510
512
510
512
516
509
511
509
511
508
510
501
502
508
500
490
495
495
504
512
510
519
523
532pic
531
528
529
523
532
519
518
519
517
511
518
511
515
519
516
514
513
517
517
504
512
507
510
513
515
509
510
505
516
511
507
507
508
510
514
513
510
505
508
499
502
502
511
515
514
519
514
520
512
507
507
496
470
498
539pic
519
513
518
513
509
510
505
509
507
500
504
502
504
496
499
497
497
490
488
486
496
492
485
498
495
503
514
522
521
527
529
519
520
523
517
514
512
513
512
513
508
514
513
514
504
503
510
510
507
510
510
505
512
514
505
508
501
508
512
510
506
504
502
505
500
498
502
512
514
512
509
512
507
511
508
491
486
487
515
526
519
505
512
506
499
504
496
500
503
509
503
504
506
505
501
499
504
504
496
494
493
492
498
500
502
511
517
524
530
525
534pic
526
525
524
516
519
517
516
517
514
513
517
515
510
512
519
512
513
509
511
517
512
512
505
508
510
510
507
504
500
503
500
503
508
512
508
509
514
509
509
508
503
481
489
519
534pic
528
512
516
517
514
513
504
511
504
505
510
513
501
509
509
506
499
499
497
499
500
490
491
495
498
507
516
519
524
523
516
527
519
519
513
514
514
517
509
511
506
509
519
517
506
514
510
512
513
509
513
513
510
511
514
506
508
507
500
502
500
508
513
511
509
510
513
513
508
503
497
479
491
530
527
514
512
511
511
513
506
507
504
507
512
513
509
512
511
507
507
511
506
502
497
504
503
501
501
518
525
530
531pic
537
536
538
539
526
527
528
524
525
523
519
520
519
519
519
523
529
521
515
519
515
515
513
523
515
509
506
510
510
513
508
515
514
512
516
524
519
513
515
504
500
492
499
541pic
515
518
511
507
506
509
506
510
508
505
511
508
510
504
505
502
504
510
492
497
492
496
498
497
502
508
515
514
519
518
519
519
516
507
509
512
511
512
506
508
511
516
503
499
506
509
512
507
501
505
494
502
487
496
497
496
496
506
496
507
505
504
501
499
498
490
485
504
531pic
508
498
506
503
504
505
499
502
504
498
504
501
506
504
499
498
499
497
488
494
492
496
499
497
500
519
522
527
529
531pic
519
519
522
519
514
516
516
511
509
512
516
511
515
509
512
517
508
506
509
504
507
502
499
498
498
499
503
511
507
506
508
511
506
508
503
496
477
487
519
526
511
514
508
511
512
504
510
504
503
510
507
510
510
505
510
507
505
496
495
492
502
494
492
507
507
518
528
527
531pic
526
523
526
522
523
521
521
517
517
512
519
512
518
512
512
513
511
511
507
513
515
507
505
513
504
499
499
509
513
519
513
516
512
515
511
508
502
491
483
502
531pic
518
515
514
513
516
514
510
512
504
515
515
515
512
508
505
510
510
510
500
502
496
508
505
510
507
520
525
533pic
531
540
534
533
527
530
521
517
519
521
511
520
518
519
514
519
513
516
515
519
516
511
515
516
515
512
510
511
507
512
504
510
504
504
511
519
511
516
512
511
515
507
498
477
492
534pic
523
510
513
514
504
509
511
507
513
509
512
515
506
513
505
508
505
505
505
500
497
500
508
508
510
511
521
526
526
527
530
519
525
520
510
517
509
515
503
507
506
507
506
502
504
501
500
502
493
503
501
497
498
493
498
488
494
494
498
498
505
499
499
499
497
503
496
491
475
487
511
520
507
504
502
503
500
494
502
501
501
495
497
506
498
499
495
496
496
490
494
493
499
491
492
497
507
518
524
523
529
524
527
526
529
517
515
520
519
518
512
512
513
510
511
514
508
505
513
513
506
510
505
509
508
507
499
511
505
499
504
498
497
499
501
508
512
510
510
513
505
509
507
500
475
493
515
520
512
513
512
512
506
511
510
507
509
507
508
509
508
503
507
504
504
502
494
500
492
497
495
503
510
517
519
526
527
528
527
528
527
526
516
519
523
517
519
515
516
514
522
507
512
516
511
516
515
511
507
514
512
507
510
511
511
511
505
507
509
511
506
505
504
503
503
504
505
504
510
515
514
509
509
513
510
508
509
487
495
530
527
519
518
515
518
515
516
508
512
506
506
514
502
508
507
505
505
500
502
494
495
495
497
493
499
508
513
522
523
529
526
530
528
527
521
518
519
519
517
519
521
515
518
524
516
510
517
509
516
518
515
515
513
507
518
510
511
503
Last 10 sec number of pic : 16 Number of pic of precedent 10 sec : 27

515
512
507
513
504
514
512
504
504
507
518
512
507
498
521
519
512
503
509
508
508
523
513
520
508
522
518
510
517
502
493
500
543pic
511
509
525
517
515
518
519
508
507
515
514
522
512
511
508
512
501
494
510
486
477
496
489
491
507
519
521
527
535pic
539
535
542
552
556
549
563
566
568
566
572
573
562
579
572pic
576
575
565
564
576
553
555
536
531
528
510
507
510
498
485
479
481
482
474
477
478
476
486
465
481
488
476
477
491
477
453
473
492
533pic
499
483
490
487
484
478
471
480
479
483
474
478
473
485
479
475
482
481
476
472
475
471
485
484
486
504
520
518
524
531pic
542
544
555
541
578
590
603
637
656
644
623
608
600
585
577pic
570
563
547
540
530
524
516
500
502
503
497
497
491
475
481
491
488
489
482
482
484
484
502
468
472
496
489
467
485
491
487
491
491
499
464
449
502
518
511
489
503
494
477
468
483
490
494
479
491
479
471
458
489
472
497
496
480
440
499
479
476
501
537pic
544
565
573
579
561
566
542
512
510
523
515
483
484
493
475
484
479
479
469
444
467
461
448
435
441
434
430
421
420
433
437
405
437
422
416
420
409
423
397
422
439
385
395
397
414
447
432
435
432
437
444
438
478
448
460
470
451
464
474
487
493
483
503
483
483
506
499
512
518
517
522
537pic
532
528
544
529
535
520
506
500
520
496
513
506
499
523
498
496
513
509
518
527
534pic
555
551
528
537
540
523
540
550
545
544
539
521
524
521
531pic
513
535
528
531
529
517
527
517
488
503
567
583
575
563
581pic
572
562
551
572
567
531
525
542
525
515
510
494
492
455
468
475
481
473
463
484
491
503
507
516
521
512
538pic
529
540
537
526
532
496
543
535
538
549
541
526
542
536
540pic
543
523
519
532
524
522
516
512
508
509
515
504
513
516
532pic
535
532
535
532
545
544
530
505
510
481
492
568pic
536
547
539
531
527
526
533
532
527
516
505
528
526
508
506
496
503
516
507
505
501
509
519
509
522
516
527
543pic
539
552
545
543
556
526
528
523
534
530
528
510
523
508
526
508
513
510
496
514
517
508
522
514
517
491
516
507
505
503
494
505
512
513
506
511
506
506
500
517
490
470
476
487
525
523
506
510
503
503
515
494
500
505
494
500
504
495
505
499
480
495
496
491
479
500
500
489
496
507
503
513
537pic
530
530
534
536
531
524
525
531
529
513
525
515
536
524
517
509
512
511
526
535pic
517
507
516
507
525
532
515
516
514
504
511
512
508
518
521
514
520
515
512
514
524
505
493
467
484
539pic
530
518
525
509
512
524
502
525
507
490
502
510
507
503
494
502
498
498
493
497
483
493
495
495
501
497
515
520
527
526
526
521
527
520
533pic
518
517
510
522
513
515
515
515
511
512
508
520
524
511
519
509
503
510
524
516
510
515
498
504
501
502
513
515
519
512
514
526
517
515
522
512
494
487
475
504
537pic
525
516
523
506
518
514
511
508
515
503
518
504
513
492
493
502
493
498
481
479
494
494
472
496
493
509
504
519
508
532pic
522
539
519
512
513
519
515
536
517
512
515
504
521
513
511
519
516
514
517
519
515
496
534pic
509
516
517
495
504
519
518
515
505
502
505
521
524
511
519
522
516
513
506
502
482
484
494
535pic
535
512
513
500
521
508
511
514
510
512
509
499
516
518
508
496
503
499
499
499
495
490
505
509
515
512
512
537pic
537
521
539
520
526
538
513
524
520
506
510
513
513
523
499
517
513
504
506
510
510
508
509
500
510
500
500
514
497
503
504
492
498
511
497
503
526
517
519
508
512
490
503
483
488
497
527
519
513
502
517
518
516
508
512
509
507
506
512
509
519
518
516
513
499
497
503
496
496
504
489
499
518
514
511
525
521
521
531pic
520
519
520
514
510
514
509
504
505
523
501
509
507
510
508
507
502
505
514
510
507
512
501
505
508
504
511
508
512
495
502
500
518
513
517
519
505
515
513
517
494
485
504
546pic
546
533
538
531
521
522
520
507
514
500
516
511
508
504
499
490
491
497
488
491
489
475
480
496
493
487
511
517
517
520
515
530
535pic
520
519
529
525
512
509
509
510
515
499
496
512
504
491
501
494
500
499
494
490
499
504
498
490
480
504
480
486
496
504
497
501
512
504
498
512
504
515
503
500
463
455
504
525
520
508
499
523
495
521
513
510
508
512
494
503
502
499
507
504
499
503
500
499
500
496
486
499
510
524
511
527
529
519
537pic
529
535
529
527
518
515
526
519
504
525
523
520
516
526
509
512
524
528
515
527
524
505
509
527
512
510
508
516
507
519
512
510
504
513
518
516
506
518
519
516
520
514
487
473
489
530
535pic
507
512
517
505
503
515
512
508
502
505
507
512
499
505
502
509
496
494
487
499
510
495
503
507
507
505
530
531pic
526
537
531
523
515
540
524
527
517
509
520
526
502
516
503
511
505
509
519
528
515
511
505
502
505
525
518
505
517
515
500
497
511
503
515
503
510
508
517
501
511
527
507
515
510
493
471
472
510
537pic
519
514
526
514
500
Last 10 sec number of pic : 32 Number of pic of precedent 10 sec : 16

507
515
507
512
511
500
513
514
511
514
524
509
491
519
493
498
500
496
498
511
518
513
529
539pic
520
521
536
525
516
531
518
508
524
507
508
524
516
512
510
505
511
515
516
512
505
508
500
519
519
509
514
512
503
511
496
507
519
507
520
517
529
529
507
529
498
515
509
475
487
492
543pic
530
506
511
515
509
499
505
502
512
512
508
491
494
509
499
509
501
502
499
486
499
509
483
502
497
528
519
524
526
521
526
528
518
519
539pic
499
500
516
519
529
510
507
521
506
516
516
506
496
518
514
517
509
483
518
519
501
493
502
512
504
506
503
512
507
507
506
505
518
507
495
473
480
508
527
517
520
511
498
507
516
505
501
511
506
495
502
509
498
502
499
496
490
502
476
507
483
487
512
509
511
519
523
524
529
543pic
524
526
509
520
514
524
514
509
512
501
512
511
520
505
514
516
505
506
517
504
519
505
502
507
499
513
502
482
518
500
520
510
505
513
517
517
524
512
480
496
486
508
537pic
504
508
525
515
517
506
513
495
513
504
503
495
514
496
510
477
500
505
487
494
478
486
512
503
498
520
505
526
526
531pic
521
534
526
519
515
528
528
519
508
518
513
509
520
513
510
504
522
505
510
515
505
509
509
510
516
507
499
517
510
509
502
516
497
518
525
525
523
513
515
515
524
505
493
472
494
542pic
538
513
508
527
505
512
510
512
496
498
512
503
494
515
497
509
480
498
495
497
501
494
478
493
507
506
518
521
529
530
527
535pic
535
523
531
525
516
529
527
527
505
520
522
516
518
503
515
514
511
510
507
507
507
512
513
511
497
515
499
508
485
498
504
496
504
494
507
512
507
519
522
511
510
513
511
496
473
479
531pic
536
510
511
514
502
514
515
499
522
499
512
502
509
505
500
499
515
505
497
505
501
499
487
500
511
519
515
519
535pic
510
542
531
521
531
526
526
527
508
521
513
513
519
509
508
513
503
503
499
518
512
507
503
504
500
502
508
504
496
517
504
512
508
503
498
518
507
495
503
505
511
493
500
518
512
526
500
522
508
511
515
508
478
465
479
536pic
533
514
508
513
512
515
511
508
515
518
495
497
515
514
489
510
502
494
499
508
497
496
502
488
500
505
527
511
543pic
526
532
517
528
539
519
529
512
519
513
515
532
511
511
511
500
526
512
516
518
510
501
508
499
509
528
503
498
510
521
504
516
504
507
520
496
504
506
525
515
486
502
502
511
508
511
504
513
512
533pic
504
518
507
515
508
482
476
488
535
536
489
526
508
512
529
497
496
515
511
508
486
505
504
515
503
501
501
475
498
492
502
495
498
500
492
515
532pic
527
531
518
535
521
526
525
547
525
509
508
511
531
506
529
512
505
500
497
526
516
501
509
507
507
502
485
481
515
526
494
501
493
530
502
507
499
526
500
539pic
500
519
550
494
513
548
513
510
519
516
532
509
510
533
529
457
541pic
465
511
516
566
480
495
502
547
483
492
493
480
471
474
496
482
451
501
483
486
497
483
511
503
492
531pic
510
535
560
538
555
575
559
582
537
583
528
597
558
604
576pic
547
561
539
520
543
526
548
542
531
538
528
527
551
538
538pic
538
544
547
521
560
541
526
539
508
515
508
513
511
509
512
535pic
510
528
516
511
508
506
514
501
459
438
474
529
518
498
511
495
493
486
486
490
495
457
488
471
438
478
473
471
461
466
456
462
467
459
462
460
484
487
511
511
515
516
520
487
522
559pic
535
535
527
525
529
519
514
508
508
519
504
517
509
492
497
499
491
508
503
480
486
497
491
484
503
502
500
492
492
494
496
484
506
499
510
504
503
510
504
496
503
508
460
440
507
533pic
516
521
522
518
513
515
519
519
519
518
502
504
494
507
514
490
492
502
504
509
503
503
497
506
512
526
537pic
544
552
546
558
545
548
539
535
540
544
522
523
519
532
538pic
521
520
506
491
517
519
518
512
516
505
499
502
500
484
488
509
510
498
499
495
496
492
492
504
508
502
511
514
511
510
516
513
494
435
438
543pic
540
517
518
521
502
516
519
507
511
505
511
495
507
486
504
502
484
499
496
488
472
486
483
486
486
501
529
521
525
517
543pic
536
528
524
529
526
516
516
508
526
512
521
508
493
519
507
502
511
519
511
517
513
496
516
504
504
497
512
502
504
500
516
523
504
511
508
527
516
502
492
455
463
527
541pic
531
512
510
523
510
510
508
504
508
509
498
514
489
506
508
493
494
496
486
478
485
491
487
499
511
512
530
533pic
531
534
531
535
526
526
527
511
522
521
514
513
515
512
509
510
519
512
514
512
502
507
500
512
511
502
505
501
494
504
516
500
513
512
511
516
512
503
492
470
440
482
542pic
528
507
521
516
507
506
514
496
498
522
502
492
493
510
500
495
498
477
495
492
476
487
505
497
493
509
528
517
518
551pic
519
539
524
515
530
519
530
518
513
513
527
519
497
523
512
516
523
508
514
512
514
507
510
515
496
500
502
505
512
513
524
512
514
510
513
515
517
508
462
449
494
538pic
519
522
519
519
521
509
521
500
515
Last 10 sec number of pic : 31 Number of pic of precedent 10 sec : 32

505
512
507
515
492
504
504
497
494
498
488
487
493
491
492
507
513
521
524
529
538pic
537
533
526
528
512
515
519
515
519
509
510
509
509
520
499
515
505
514
513
511
509
510
498
487
509
499
499
496
504
508
504
518
508
514
506
507
501
504
475
439
473
537pic
516
515
519
522
511
512
507
510
505
507
509
511
503
502
509
495
503
503
486
489
485
477
506
508
496
515
518
534pic
528
545
543
537
530
524
531
507
535
527
512
520
524
516
517
526
510
513
512
511
515
521
514
505
512
513
499
508
502
500
503
501
496
523
515
512
521
521
508
508
511
509
470
443
491
547pic
525
522
523
520
511
511
513
508
509
509
511
503
502
503
502
497
492
495
492
490
492
496
489
490
503
518
529
526
529
527
532pic
539
532
534
524
534
522
527
515
523
511
517
524
512
518
520
508
510
507
511
520
503
511
511
505
505
498
510
491
511
505
504
517
507
519
507
511
509
504
505
446
443
517
540pic
528
521
508
519
504
519
507
507
512
501
506
500
499
500
511
498
495
494
486
494
489
496
503
497
500
512
526
527
541pic
542
527
539
537
521
524
525
527
518
513
516
507
515
519
520
516
504
513
513
516
507
517
505
503
503
509
491
502
500
509
514
517
514
515
509
508
513
512
502
486
443
476
539pic
529
523
513
514
513
511
513
508
509
505
504
513
504
495
496
504
495
493
488
493
489
491
492
496
500
514
522
523
531pic
536
535
548
524
526
528
530
517
519
522
516
513
517
513
517
511
514
511
510
512
504
514
511
507
511
504
509
502
496
501
500
510
523
510
508
514
509
514
513
506
494
433
444
534pic
532
526
511
520
513
510
520
511
509
511
508
509
496
507
500
502
498
498
490
496
492
484
490
491
496
506
523
523
527
530
542pic
537
536
530
520
533
521
527
526
523
520
519
515
512
517
516
511
516
515
504
513
505
510
506
510
512
510
508
503
497
502
496
502
502
510
508
509
512
512
508
513
510
500
494
444
452
533pic
531
518
523
516
518
506
513
522
504
506
502
508
509
504
503
500
500
487
488
490
488
486
489
496
499
503
520
519
531pic
533
548
519
526
529
536
523
518
509
515
521
512
520
517
513
510
510
509
516
505
510
507
509
508
510
508
505
499
509
507
508
503
506
498
502
505
495
504
516
521
508
518
517
504
521
502
505
451
457
527
531pic
520
521
520
513
512
515
501
507
519
515
502
510
500
509
505
491
495
506
487
485
502
502
493
488
507
519
529
528
535pic
534
532
531
525
535
526
525
518
519
511
523
510
503
523
512
515
519
510
519
512
509
515
504
509
505
510
512
505
499
506
508
495
498
508
512
524
516
522
522
517
515
517
503
503
469
439
508
529
514
533pic
515
513
508
511
504
510
510
517
500
501
511
498
506
499
501
498
490
487
496
499
487
504
507
519
527
539pic
550
530
536
552
538
510
542
540
535
542
519
512
519
535
530
532pic
522
507
520
533
509
518
515
518
519
512
514
505
510
502
515
507
497
496
508
509
523
517
489
511
517
514
505
476
465
440
495
532pic
520
513
520
509
510
500
493
498
499
496
513
505
501
491
489
494
492
480
466
482
484
481
489
483
479
516
533pic
518
532
526
529
520
522
528
525
527
518
519
515
514
515
508
512
512
509
519
496
505
514
508
507
509
507
501
514
491
497
506
507
518
520
502
509
515
518
504
506
508
474
430
459
538pic
530
524
509
518
503
509
513
509
504
496
497
504
505
504
503
492
491
487
491
482
476
490
489
496
501
504
521
529
536pic
531
548
532
531
525
537
513
533
518
515
516
516
505
520
522
499
515
512
513
509
518
524
505
505
500
511
510
500
503
494
522
514
511
510
524
510
508
506
509
473
440
490
536pic
528
529
535
515
513
521
517
511
513
500
509
511
499
499
508
501
494
492
489
497
485
489
487
497
502
511
525
534pic
534
532
529
540
535
526
529
516
522
516
524
517
515
513
511
524
507
509
502
522
500
511
507
517
495
510
506
507
495
502
491
512
509
507
512
509
505
512
502
506
506
472
444
475
524
519
516
529
520
504
508
517
513
507
506
513
512
504
505
501
492
502
493
481
511
494
492
493
500
501
516
520
541pic
524
539
527
521
532
543
512
529
523
512
519
511
531
520
518
514
508
517
519
512
514
510
512
521
513
514
509
508
506
502
508
519
508
513
511
528
524
495
512
503
503
462
458
513
532pic
529
520
524
507
516
514
514
509
505
503
514
512
505
495
497
504
497
499
501
483
487
493
493
506
502
511
519
536pic
533
534
530
522
527
529
524
527
515
516
519
515
510
507
515
512
518
503
515
511
518
508
506
516
505
504
498
497
496
507
515
503
508
509
516
514
509
510
507
505
482
454
460
526
523
519
505
520
512
513
508
516
513
511
511
505
502
509
507
514
493
489
493
497
481
491
496
492
503
507
526
523
533pic
535
541
523
538
529
523
528
524
520
521
514
516
515
512
513
518
508
511
515
501
510
508
512
510
513
507
496
500
500
496
503
497
511
524
500
510
502
515
520
502
499
499
452
Last 10 sec number of pic : 28 Number of pic of precedent 10 sec : 31

438
523
530
529
526
516
519
508
517
504
502
501
511
494
505
497
502
506
495
491
492
488
483
486
500
495
497
510
519
517
537pic
529
540
536
531
530
532
520
531
518
516
514
518
516
521
505
522
518
517
519
515
510
511
517
510
520
508
502
510
512
505
494
503
498
510
521
510
505
509
515
515
518
509
505
479
447
476
529
533pic
520
519
518
509
511
511
515
506
507
502
504
500
507
499
510
483
489
493
496
491
490
491
496
498
503
528
531pic
536
523
536
524
532
524
534
526
521
522
505
526
505
525
515
516
510
515
515
515
512
512
509
508
506
510
520
509
504
496
496
501
498
500
509
514
512
511
519
506
520
508
505
503
473
450
500
529
521
518
529
515
521
508
505
507
511
499
506
506
499
513
498
504
500
492
477
495
496
488
502
496
516
510
522
529
533pic
540
527
538
532
532
530
528
516
520
515
512
518
518
518
507
516
514
513
518
514
505
513
510
512
503
519
503
507
502
502
494
495
499
515
511
520
508
516
515
509
508
516
498
453
443
524
528
528
525
511
519
507
514
504
504
512
504
509
496
504
503
495
498
496
483
499
493
483
496
496
489
501
519
524
531pic
531
533
534
534
527
533
524
523
512
524
516
518
508
516
513
512
502
509
510
516
524
504
516
506
517
520
516
496
499
502
499
498
502
526
513
502
505
516
512
523
499
520
496
450
446
532pic
534
523
523
515
505
508
504
508
508
496
502
519
490
507
491
494
488
509
487
481
488
483
497
490
503
509
521
529
526
529
529
531pic
538
523
521
530
525
521
521
519
519
508
514
524
512
516
514
510
522
510
518
512
505
504
511
510
486
499
510
518
520
513
516
512
503
523
512
498
494
447
460
532pic
530
517
511
512
509
525
500
514
504
508
505
500
517
492
503
488
492
501
484
491
488
486
484
475
505
515
527
532pic
520
523
538
533
529
540
525
517
530
527
516
512
511
515
519
510
510
515
517
515
515
512
499
517
493
504
513
490
495
518
521
506
518
515
513
515
519
503
508
477
437
471
534pic
525
523
516
516
512
516
508
503
510
509
512
509
502
508
506
501
495
504
482
494
497
481
489
493
502
521
508
528
534pic
540
530
536
542
536
523
524
524
518
524
518
515
516
512
514
518
507
517
511
521
514
505
512
511
518
498
496
508
500
516
513
506
508
509
513
507
507
499
492
445
462
529
523
524
525
515
511
512
512
506
505
511
512
504
498
505
496
495
498
497
483
495
503
487
490
487
498
516
522
529
527
528
531pic
536
534
531
531
526
516
521
513
511
515
507
514
509
506
509
508
513
518
504
511
512
512
504
502
509
502
493
505
499
512
503
517
510
510
509
515
511
505
506
452
444
535pic
527
526
523
514
514
511
514
506
516
502
511
515
503
497
503
493
500
502
497
488
487
491
487
493
493
502
514
534pic
529
527
535
532
533
531
530
517
527
518
521
512
513
514
519
521
519
510
519
515
510
511
510
512
506
512
506
507
502
508
502
499
500
501
507
497
503
517
510
513
512
515
507
505
503
477
448
459
531pic
523
521
516
515
521
505
512
516
506
511
502
511
500
502
496
503
491
497
491
487
481
486
488
489
503
505
523
529
539pic
531
535
535
537
532
532
525
519
521
522
519
522
522
510
512
523
515
513
514
507
509
516
517
516
507
503
504
520
512
507
510
505
512
494
503
505
501
516
515
516
501
517
515
518
510
502
498
454
454
527
526
527
527
526
500
513
509
513
507
527
504
519
506
515
509
495
503
500
513
486
500
510
485
501
507
502
540pic
525
547
528
520
545
536
534
533
515
536
516
513
521
501
518
497
503
504
515
494
496
502
508
501
489
490
509
494
497
503
489
492
488
472
500
491
506
498
488
507
510
508
508
502
486
476
479
529
534pic
551
525
533
529
536
547
547
549
544
525
550
533
537
551
561pic
546
553
557
544
523
535
524
511
515
519
519
540
545
512
548pic
547
544
555
540
545
544
563
551
521
551
556
556
530
563
567pic
555
586
575
565
602
602
595
572
532
531
520
519
464
448
486
446
427
403
425
400
378
295
368
376
358
369
351
389
372
331
399
372
356
420
386
421
424
408
431
423
427
470
451
473
457
475
463
506
491
519
522
552pic
548
594
568
578
674
636
701
682
670
677
669
635
619
599
611pic
609
570
600
567
546
572
526
568
547
539
561
546
564
545pic
540
546
530
549
519
526
539
508
526
524
476
423
413
458
471
460
454
457
441
435
432
430
441
451
456
459
464
465
461
475
485
500
506
499
503
513
488
520
536pic
535
549
552
552
571
568
580
579
568
569
573
564
561
556
556pic
561
568
563
544
548
560
539
542
527
539
539
528
522
515
504
502
513
504
504
505
499
510
499
504
507
503
503
476
457
489
524
511
501
506
518
517
507
497
509
500
510
518
503
511
522
519
509
497
510
519
526
512
497
489
514
517
526
518
531pic
529
526
533
527
526
518
508
506
505
504
496
495
490
495
483
488
483
477
482
463
479
466
464
469
465
479
470