Trouvé en 16sec
Initialisé le pic à >570 suite au test / baseline en amont de l'expérience.

507
503
507
508
514
524
527
519
508
532
514
512
510
504
530
506
503
507
509
508
503
514
521
505
513
527
503
521
509
527
517
515
511
512
511
491
429
444
553
582pic
566
539
501
511
514
508
514
510
534
518
487
520
518
507
529
504
525
487
511
503
507
505
507
509
507
513
518
512
521
532
521
523
540
536
505
517
534
535
543
529
515
524
519
535
476
512
504
535
548
519
521
514
528
549
524
518
513
515
505
520
529
456
425
531
561
547
520
512
491
502
545
501
507
503
522
517
512
489
474
411
417
401
416
403
401
405
413
413
409
428
429
445
471
484
506
525
553
571pic
567
550
559
566
563
559
558
549
542
534
539
522
524
530
517
505
537
542
558
555
551
540
536
550
535
503
515
483
426
469
583pic
607
570
534
520
516
518
515
513
519
516
506
510
513
510
517
506
500
499
500
500
510
501
497
489
490
496
500
499
521
537
514
531
518
528
512
523
553
507
537
648pic
547
534
517
541
543
744
528
422
559
529
485
536
543
644
445
336
422
445
462
451
436
349
429
488
504
487
476
477
476
432
489
420
418
543
375
492
423
400
392
509
467
440
341
310
291
325
306
294
310
320
379
329
395
464
531
519
563
644pic
627
666
708
724
629
642
684
660
694
678
647
689
715
557
589pic
630
630
638
638
599
588
642
567
580
536
571
525
483
664
555
565
583pic
570
545
535
530
534
603
524
462
498
506
488
522
457
506
503
520
507
482
507
462
423
430
480
484
478
505
516
493
458
461
499
470
539
471
468
496
491
487
483
478
475
457
471
481
441
463
462
432
451
446
460
442
414
458
425
450
447
452
368
360
465
539
498
515
511
483
553
543
548
583pic
549
549
539
525
575
569
603
594
591
605
605
569
592
606
621pic
551
566
571
563
580
553
587
590
536
576
588
560
555
562
567
586pic
557
652
556
516
542
517
561
572
582
556
553
566
551
593
534
487
488
498
506
524
518
441
407
421
499
538
511
476
481
492
447
449
452
444
451
469
475
477
575pic
424
383
432
444
462
450
459
456
465
444
405
390
381
381
373
332
362
389
367
349
346
343
343
336
335
352
360
396
388
391
404
419
432
455
467
499
505
508
521
521
512
520
521
529
530
545
490
429
512
643pic
638
589
556
560
539
537
534
534
535
527
524
534
529
523
524
521
522
523
530
529
531
531
524
528
522
516
527
537
538
540
545
543
542
539
544
547
544
545
544
541
541
534
546
536
529
527
535
553
559
564
563
576pic
574
571
567
557
553
553
555
537
479
436
553
609
608
556
528
517
518
512
509
510
513
511
507
504
497
501
506
504
505
500
498
501
496
489
496
484
491
489
492
500
502
503
507
512
510
510
515
519
517
515
514
512
500
504
502
504
500
506
519
519
521
516
516
518
516
519
512
514
510
515
471
412
460
568
579pic
565
526
503
502
503
499
498
508
506
509
503
501
501
504
503
505
510
507
501
499
503
494
496
500
502
499
506
509
507
511
516
512
517
515
515
516
518
516
511
513
507
499
505
510
521
532
532
527
525
523
524
522
531
523
511
505
513
460
424
502
580pic
575
551
520
506
505
505
509
506
504
498
503
499
500
503
508
505
504
501
496
497
496
500
499
494
496
492
504
504
508
511
509
514
513
515
517
513
512
515
510
508
511
504
505
507
511
523
523
522
524
520
523
526
518
518
517
512
515
471
425
458
562
576pic
568
529
523
517
507
506
514
510
512
511
505
513
511
515
510
506
503
501
506
509
507
507
502
501
501
503
511
510
516
525
520
520
517
515
517
526
513
512
509
508
504
499
507
512
525
526
518
515
511
515
514
515
522
517
515
512
506
445
403
492
574pic
576
556
523
509
504
502
500
505
513
510
511
507
501
503
501
501
506
507
504
498
498
492
500
501
506
504
510
510
510
514
520
515
514
511
517
520
519
515
515
511
502
506
502
501
509
511
521
528
521
520
517
515
518
518
516
513
517
515
488
421
426
559
593pic
578
535
515
512
504
505
509
511
513
509
503
502
502
495
496
493
493
498
493
492
497
496
493
498
496
501
505
509
511
518
515
516
519
514
517
512
514
518
517
512
513
512
506
517
513
505
504
505
514
519
524
521
515
515
518
514
512
510
512
515
503
437
397
502
587pic
581
544
518
516
515
512
510
511
510
505
505
512
507
507
511
509
505
497
497
496
494
495
506
502
505
505
509
513
515
516
519
522
522
519
521
519
518
514
513
513
519
517
512
518
515
513
508
511
500
496
504
506
513
516
520
519
515
520
519
512
512
510
515
514
459
403
469
567
581pic
559
523
517
511
Last 10 sec number of pic : 20 Number of pic of precedent 10 sec : 15

508
516
505
510
507
506
514
505
508
505
507
503
499
500
491
499
489
491
493
500
502
509
512
514
510
514
513
520
520
520
520
517
516
514
512
509
509
514
520
517
512
515
516
516
515
511
504
496
499
501
512
515
520
519
523
521
513
509
513
512
512
508
478
418
432
547
579pic
565
532
514
512
512
510
509
509
502
508
510
508
507
508
504
500
506
495
490
495
500
498
492
496
500
504
509
507
512
517
519
524
526
520
515
513
511
516
512
518
512
513
518
515
515
512
512
511
512
519
514
507
512
498
498
506
510
512
518
520
517
520
514
519
519
515
515
512
511
449
404
488
577pic
581
544
526
517
516
515
505
505
512
509
508
513
514
511
505
501
497
502
502
500
494
495
495
492
499
506
504
511
512
518
515
524
525
517
519
518
518
515
519
515
517
519
509
514
512
515
513
513
522
519
512
508
512
510
506
503
499
507
508
519
519
515
511
511
514
515
516
518
520
513
511
456
406
479
575pic
579
552
519
518
511
509
508
506
512
508
510
508
504
503
501
507
505
502
495
494
491
488
490
491
499
499
506
513
516
516
515
518
524
522
515
516
525
519
517
513
514
514
514
514
515
515
515
511
518
516
515
515
510
514
509
505
505
501
502
508
504
511
516
512
516
524
516
516
511
518
518
512
513
457
412
463
565
573pic
560
527
512
516
511
507
511
513
514
511
508
508
506
504
504
503
497
499
492
493
491
488
487
494
494
500
501
500
502
512
522
519
514
510
503
504
501
508
506
507
500
504
509
503
501
502
500
501
503
503
502
503
500
498
496
497
499
496
485
489
492
498
507
499
503
504
502
503
497
499
500
499
499
475
412
416
524
566
559
516
498
504
505
504
502
504
503
496
496
501
505
503
508
500
497
495
496
494
491
495
499
497
502
502
509
509
515
523
523
524
524
520
514
516
523
516
509
517
515
514
511
516
521
512
510
516
514
511
515
509
515
518
514
508
510
507
508
501
492
504
510
517
519
517
516
524
519
509
510
518
515
515
515
455
411
496
578pic
570
544
529
521
524
524
520
521
512
511
511
511
513
516
514
515
509
507
499
499
500
499
498
504
504
507
509
510
515
517
524
519
524
524
521
522
520
522
520
514
520
519
518
515
517
522
520
520
523
523
518
520
514
513
516
516
505
507
500
496
497
506
513
513
518
511
520
516
513
508
509
515
514
510
460
411
473
573pic
580
555
526
520
517
508
510
515
512
511
513
505
509
504
508
508
504
502
503
504
507
501
500
503
499
495
508
511
517
514
518
523
526
524
526
520
519
515
515
513
519
517
519
519
515
515
513
515
515
517
515
516
511
501
502
496
496
502
510
517
524
513
518
511
518
515
509
509
517
517
520
463
399
444
565
589pic
559
528
519
515
513
509
509
507
506
508
516
504
499
498
499
499
501
499
497
494
491
492
494
493
494
496
504
505
514
519
518
521
520
523
517
515
515
516
512
520
511
514
514
513
516
515
522
514
508
510
507
503
499
495
504
510
520
527
521
513
526
524
519
517
512
512
521
483
403
406
554
597pic
572
531
520
514
512
517
511
505
504
513
514
505
507
506
504
507
500
502
499
497
496
496
496
497
495
497
501
508
508
520
523
516
521
521
511
516
516
510
513
513
520
519
515
520
512
510
512
505
505
509
493
488
495
502
513
521
515
514
515
515
512
512
513
508
505
513
454
385
456
577pic
584
543
515
506
504
504
502
500
501
493
497
504
498
502
499
496
485
485
483
488
496
492
491
487
491
489
493
503
508
508
510
517
512
512
509
513
505
509
512
511
512
515
511
509
514
513
512
502
500
498
487
498
501
509
520
527
522
522
524
518
516
517
511
513
519
498
427
415
548
591pic
569
525
508
501
507
508
504
505
502
502
498
505
497
497
498
497
498
491
493
488
490
496
503
495
496
499
498
507
512
511
518
523
520
518
523
512
514
512
513
513
515
512
514
519
518
509
512
510
504
499
503
514
524
527
528
531
529
524
519
523
521
521
525
500
440
419
553
604pic
582
540
518
516
512
507
502
509
505
503
505
506
512
512
503
503
496
497
504
498
499
501
503
505
500
507
508
512
520
522
522
518
518
517
515
516
516
516
514
517
521
518
515
515
514
513
505
504
505
516
521
525
524
527
526
524
522
524
517
524
516
523
486
428
455
574pic
584