Trouvé en 32 sec
Initialisé le pic à >530 suite au test / baseline en amont de l'expérience.

531pic
526
523
513
517
510
516
519
512
514
508
515
508
515
515
507
511
512
516
510
509
506
512
509
506
509
509
523
543pic
543
536
535
529
531
525
519
502
483
495
519
530
513
516
503
511
507
498
503
499
503
503
502
496
507
502
506
440
442
446
453
459
466
468
470
477
487
494
505
514
517
518
513
514
512
516
516
510
520
512
504
510
513
513
512
505
515
524
509
503
534pic
543
525
524
520
539
524
525
529
529
534
536
540
549
540
549pic
547
557
540
524
513
550
563
558
566
561
548
536
569
559
563pic
553
546
541
533
515
531
520
515
504
502
495
463
485
481
490
492
486
472
501
486
516
518
511
497
479
519
531pic
477
502
493
477
487
498
501
459
476
478
470
481
508
496
489
493
480
502
497
492
512
501
503
526
520
492
503
515
529
486
503
517
540pic
510
525
503
513
514
506
511
523
527
507
513
489
521
506
525
482
504
521
480
484
484
499
514
481
505
511
513
543pic
519
504
552
475
543
555
499
531
510
485
500
501
508
508
500
462
503
504
489
491
488
458
489
492
485
483
498
493
515
482
532pic
500
519
534
500
530
492
500
526
547
555
560
544
534
543
537pic
544
524
539
521
524
547
522
531
521
512
520
523
509
499
522
521
522
484
525
519
537pic
561
528
527
520
570
516
545
564
527
538
540
538
537
527
531pic
538
532
536
533
529
500
518
519
506
511
521
509
536
541
537pic
561
592
568
592
589
610
606
587
612
629
605
589
554
565
540pic
527
534
538
523
518
541
504
501
518
514
507
494
484
460
459
478
473
444
467
502
461
499
506
509
465
510
508
523
491
495
505
483
472
505
493
491
494
492
506
483
502
480
499
466
506
562pic
552
548
531
548
522
505
518
498
490
489
473
435
482
486
496
467
469
460
455
441
452
444
449
465
447
431
441
419
430
417
448
415
430
431
435
424
413
417
397
419
441
447
455
441
462
446
457
454
449
463
472
475
469
482
486
493
504
507
490
509
526
502
524
540pic
507
539
513
528
529
514
525
529
518
534
537
528
532
520
496
477
495
496
528
547pic
520
538
531
527
532
525
523
527
521
551
526
543
524
499
537pic
524
509
496
513
514
500
488
508
472
525
507
521
535
511
533pic
523
487
546
549
572
787
813
805
759
683
659
638
633
616
566pic
518
466
435
406
371
330
296
305
339
343
364
374
390
414
420
436
446
444
456
449
458
445
430
465
519
495
485
479
481
477
476
483
478
482
497
497
490
509
510
513
508
510
508
515
520
526
524
510
507
522
521
527
505
510
526
525
518
523
513
528
522
516
517
523
520
537pic
528
520
526
529
532
534
531
521
528
535
519
526
516
528
527
507
518
520
523
520
531pic
513
529
526
517
519
506
491
507
532
542
525
515
517
515
512
503
508
516
511
507
507
511
514
506
505
508
508
499
514
503
497
505
508
507
506
522
512
527
535pic
524
530
527
517
519
518
515
518
506
509
518
508
510
513
511
512
507
517
515
513
499
504
504
507
513
502
506
509
519
514
504
512
521
507
490
484
492
515
543pic
513
501
512
511
509
497
509
499
508
515
499
510
519
521
491
511
513
489
502
515
506
505
509
514
506
510
528
528
529
530
531pic
536
520
531
519
530
518
516
531
506
528
520
514
527
521
531pic
520
529
517
512
519
522
508
517
533
515
517
521
519
508
520
515
496
474
507
527
539pic
500
508
506
511
501
520
507
516
520
511
525
523
505
512
505
513
508
505
511
500
508
502
501
523
526
516
537pic
543
518
534
524
526
525
525
515
514
519
512
516
520
505
505
508
515
499
507
511
497
497
515
495
518
509
504
504
516
511
494
497
498
472
494
538pic
510
505
509
510
499
509
492
494
502
506
501
503
502
501
508
496
491
505
499
488
495
496
511
508
518
527
531pic
532
540
533
531
526
531
517
510
512
514
498
510
508
511
512
503
504
511
503
506
499
487
511
499
493
517
513
505
507
501
518
504
507
498
497
470
502
557pic
511
504
513
505
512
512
514
504
509
503
507
513
507
507
501
503
495
502
491
485
499
499
488
505
498
509
518
522
515
530
522
522
524
515
510
506
509
516
511
506
499
504
495
490
490
482
483
468
464
430
378
369
379
383
403
420
430
441
451
463
475
473
469
473
499
547pic
525
520
529
527
520
519
520
515
516
515
510
511
504
511
523
517
513
513
508
511
504
496
515
519
527
533pic
537
536
537
541
539
528
529
520
519
551
543
530
503
528
535pic
528
527
523
517
507
522
518
512
502
498
495
505
496
480
512
508
517
519
515
509
517
515
526
507
487
473
497
549pic
521
536
514
524
523
510
518
526
493
530
540
Last 10 sec number of pic : 35 Number of pic of precedent 10 sec : 12

517
531pic
525
515
531
503
531
547
521
543
535
553
557
533
559
563
557pic
545
542
535
555
537
536
526
484
504
500
472
492
483
468
472
497
481
511
507
512
519
484
515
498
503
552pic
505
537
533
507
512
498
524
513
478
519
516
513
563
512
505
529
519
512
506
488
527
508
488
419
425
403
394
376
389
392
411
439
435
464
477
487
499
500
491
515
487
486
473
417
430
411
393
387
388
410
386
416
415
449
475
496
574pic
598
641
674
709
682
695
697
704
691
688
677
663
634
593
522
418
398
371
345
385
376
408
438
476
499
543pic
601
651
655
643
664
646
591
584
513
508
469
425
428
403
384
384
370
335
347
353
363
401
398
415
421
455
457
441
484
469
468
511
513
514
535pic
545
551
601
600
591
632
639
627
647
673
665
667
668
649
677pic
670
670
662
668
651
628
640
678
653
643
621
628
610
589
580pic
583
570
570
553
552
530
553
543
523
523
503
512
499
490
474
491
496
464
492
497
502
505
501
487
465
499
482
482
471
480
480
478
470
465
463
477
479
460
510
505
502
516
495
518
511
519
512
491
509
518
493
496
500
476
471
451
488
486
493
491
469
504
500
466
492
480
482
495
481
467
508
497
476
460
469
480
478
465
462
485
468
460
471
460
496
487
490
495
460
509
483
487
482
477
496
497
496
508
503
528
537pic
524
522
534
517
539
523
522
509
528
544
518
528
511
526
514
514
514
483
491
540pic
526
501
531
499
508
520
499
483
512
496
503
508
484
511
483
501
506
493
498
502
477
507
494
494
501
502
503
506
496
531pic
502
494
507
502
469
523
505
504
507
495
485
536
512
521
495
501
508
494
538pic
503
502
505
519
533
515
530
512
502
510
504
472
500
531pic
519
487
494
483
486
511
483
508
496
476
513
519
505
496
500
492
522
493
506
518
520
504
510
486
534pic
539
530
529
534
518
528
548
513
529
522
499
516
526
489
526
493
522
523
524
492
531pic
509
496
496
503
522
512
512
510
504
512
511
494
488
496
506
534pic
539
509
510
512
504
511
504
481
509
508
511
506
508
509
495
497
498
486
484
479
484
471
468
471
480
472
476
489
486
485
487
492
509
499
503
497
493
506
493
499
509
501
489
502
506
480
495
499
508
487
485
519
496
498
499
494
501
489
495
478
493
513
529
513
501
503
499
505
504
504
502
500
500
511
506
511
507
515
523
516
501
501
501
504
505
504
515
519
521
532pic
539
539
540
534
540
537
537
538
535
536
541
531
538
537
531pic
541
536
535
529
529
519
519
515
520
525
520
520
517
519
517
508
520
502
488
485
513
535pic
510
508
507
511
507
504
506
507
505
508
508
508
509
504
510
508
504
504
503
507
500
500
505
510
519
520
527
521
527
529
524
525
522
515
519
521
518
512
512
512
512
514
511
519
513
508
510
512
508
508
510
507
494
511
505
509
512
514
512
512
514
511
510
505
492
475
511
541pic
514
513
510
511
506
505
504
510
508
510
513
511
514
519
515
509
515
507
510
504
505
508
510
511
514
524
529
532pic
528
532
521
524
525
517
519
515
515
512
515
513
515
515
512
508
507
513
513
512
504
510
510
505
508
507
505
504
512
505
498
499
508
511
512
509
511
505
511
507
515
495
479
497
517
531pic
517
514
511
512
508
505
508
503
502
508
503
507
508
510
508
511
500
502
501
503
498
504
505
514
504
522
517
524
528
525
520
520
513
519
515
508
520
515
513
514
513
507
511
511
511
512
508
508
508
513
504
505
507
504
508
499
511
507
500
497
517
506
510
510
510
512
511
499
503
502
490
478
507
539pic
522
506
509
514
504
500
496
511
506
505
502
502
510
506
501
506
503
504
501
506
503
500
503
510
505
516
516
524
528
524
518
521
519
517
516
511
511
507
515
513
511
505
515
511
511
511
512
511
509
510
507
507
505
502
508
497
504
507
503
506
511
507
508
508
510
501
495
483
489
517
532pic
504
503
506
498
496
505
503
506
498
498
504
500
504
503
503
506
503
494
495
498
504
500
503
503
514
513
524
527
523
523
526
523
519
512
516
513
508
512
512
514
513
510
508
511
508
512
515
509
507
511
508
517
508
509
509
510
502
499
502
510
506
504
511
509
509
511
514
501
498
474
506
545pic
538
517
518
512
515
513
506
507
508
507
508
508
513
513
501
504
505
503
505
496
500
502
496
505
503
516
519
522
527
525
521
524
522
517
515
519
516
514
511
511
516
508
511
508
509
511
513
512
511
509
510
511
504
512
508
508
508
510
504
499
502
502
508
510
511
508
509
509
508
508
495
484
480
513
532pic
513
507
511
511
510
505
507
508
504
508
513
510
509
508
506
508
507
507
503
503
504
502
507
509
515
516
520
527
531pic
531
530
527
527
518
517
518
520
512
513
515
514
508
512
515
513
515
507
510
509
513
510
507
511
506
512
508
507
509
507
502
507
497
500
507
507
503
509
512
514
510
511
508
496
497
481
510
543pic
519
511
515
513
509
510
510
509
504
514
511
509
508
514
507
508
515
504
506
505
499
503
511
508
505
Last 10 sec number of pic : 28 Number of pic of precedent 10 sec : 35

519
524
524
531pic
525
528
525
522
518
516
516
513
515
516
513
515
515
512
518
512
508
511
511
511
513
513
510
510
512
502
509
512
508
511
507
511
501
505
502
500
506
510
506
512
506
508
512
511
512
498
493
475
505
537pic
519
508
508
505
507
505
504
501
500
501
502
511
508
505
503
500
507
496
496
495
500
496
500
504
503
512
517
521
521
525
522
525
511
516
516
511
513
512
510
510
512
510
507
508
509
511
512
510
506
510
511
510
507
513
504
511
509
505
509
504
507
499
500
501
503
513
506
507
508
508
509
510
503
494
478
505
540pic
521
514
512
519
515
513
514
514
510
514
512
511
509
512
508
507
503
504
503
497
503
498
498
506
510
510
524
529
527
530
531pic
521
524
525
520
519
515
521
516
508
520
517
515
517
515
514
511
510
519
520
518
521
518
518
510
507
507
510
508
501
506
498
498
502
502
504
511
506
509
507
507
508
511
500
482
479
504
532pic
518
516
510
506
508
507
507
507
503
507
514
508
512
507
504
508
510
501
498
503
498
504
504
504
510
515
525
528
529
530
529
524
517
512
522
520
514
512
515
515
512
514
514
511
514
511
512
508
512
512
508
509
504
508
510
508
505
504
502
497
503
498
494
500
505
512
505
504
504
510
508
509
498
495
476
495
523
530
507
509
510
508
498
503
502
505
500
504
504
503
508
507
502
502
496
497
498
499
497
497
503
508
514
516
524
521
525
526
529
527
523
517
520
512
510
517
511
512
512
508
513
508
509
510
514
512
512
510
509
515
508
507
511
510
515
510
504
504
508
507
502
499
504
510
512
506
510
511
508
508
508
499
482
478
500
539pic
516
511
513
508
510
513
508
507
508
507
506
511
508
512
508
502
502
502
497
498
499
497
499
506
513
515
521
524
523
527
526
524
521
518
515
514
520
515
513
515
515
513
510
508
514
514
512
510
508
515
508
508
512
513
508
511
514
507
501
508
509
511
499
507
505
504
502
508
509
508
511
507
511
507
511
505
495
479
497
516
524
516
516
514
509
514
505
507
509
504
509
512
508
512
509
502
505
501
500
503
501
499
500
497
502
514
519
523
527
528
528
529
524
516
524
524
514
518
515
514
512
513
512
520
515
515
518
512
512
515
511
512
510
508
514
512
502
513
510
512
506
508
511
509
511
507
512
508
506
505
500
504
509
506
510
509
515
512
512
513
504
495
475
491
524
526
513
514
508
508
511
505
512
512
505
506
508
505
510
508
515
506
505
507
497
499
497
498
500
502
511
513
523
521
521
524
521
520
517
513
511
511
508
507
510
507
502
508
505
505
500
510
510
504
505
508
510
506
506
502
510
506
505
508
504
508
508
510
507
502
509
503
499
497
502
511
512
507
510
508
510
512
509
495
490
487
509
530
516
514
512
508
515
505
506
510
505
507
508
511
505
507
506
503
503
501
499
494
498
499
500
503
511
517
522
526
527
529
527
523
519
516
515
515
517
511
513
513
509
510
507
511
510
515
511
507
509
510
514
509
510
512
510
507
516
512
510
512
510
502
510
510
511
507
506
505
510
504
501
502
505
507
512
512
512
513
511
512
510
502
488
481
497
532pic
521
516
521
515
514
507
510
508
511
510
510
515
508
511
510
510
505
504
504
502
499
497
499
514
510
517
527
529
526
527
530
522
527
520
518
518
513
515
510
511
510
514
511
513
512
512
517
513
514
514
509
510
507
512
511
511
505
506
504
510
513
513
505
513
505
506
502
506
511
506
510
512
516
511
511
509
492
492
478
495
539pic
519
507
506
507
501
500
499
504
505
496
499
503
502
503
499
498
498
500
487
492
499
495
501
501
505
511
519
519
527
527
524
525
525
518
515
518
513
513
511
506
509
510
512
511
511
504
509
514
512
511
509
506
512
507
509
505
511
509
505
510
507
503
507
506
501
507
507
512
514
507
512
510
511
507
498
484
478
505
539pic
521
520
515
515
512
512
500
508
511
511
507
508
504
507
502
506
506
507
503
499
499
497
500
503
506
518
521
527
534pic
527
533
525
527
519
519
515
512
515
518
512
513
513
515
517
509
513
509
514
513
513
511
515
511
509
511
512
512
511
511
512
502
508
510
508
504
501
497
504
510
510
510
509
510
511
507
508
500
487
480
507
531pic
514
513
516
515
512
506
506
508
506
507
509
511
512
508
507
506
500
502
499
503
501
497
500
500
513
516
526
529
528
527
526
525
521
517
520
516
513
515
513
513
513
512
513
511
508
512
508
512
508
510
511
508
511
510
512
506
510
505
506
508
505
505
504
503
494
493
480
478
482
493
496
499
501
502
503
506
508
504
491
474
499
527
526
515
515
513
511
518
513
515
510
512
509
510
515
511
512
511
506
505
505
502
500
505
508
505
506
516
524
525
530
539pic
532
527
532
529
519
516
522
521
516
513
518
515
514
517
515
518
517
524
515
515
513
515
505
513
512
515
512
507
510
505
512
512
508
512
508
507
507
502
504
505
505
511
511
512
511
511
509
510
Last 10 sec number of pic : 12 Number of pic of precedent 10 sec : 28

505
504
487
484
504
537pic
515
506
513
511
506
508
507
506
504
509
504
511
509
503
505
501
504
500
502
497
495
493
499
504
504
515
520
529
529
532pic
534
528
526
525
519
524
518
512
518
514
510
512
509
513
513
511
513
511
508
510
507
509
507
511
508
507
508
508
499
507
508
496
500
497
513
509
507
503
507
506
508
503
500
489
482
500
533pic
519
504
506
506
505
504
501
497
508
504
497
508
496
493
510
494
491
503
501
487
499
498
498
497
500
515
535pic
533
534
526
530
516
527
532
512
508
511
526
515
515
513
508
520
510
531pic
527
512
499
528
515
518
514
496
520
536
513
513
507
508
520
504
499
512
516
525
510
519
521
514
513
518
527
507
499
478
502
548pic
526
524
511
514
510
528
520
512
514
499
509
516
508
499
507
496
499
497
492
497
487
498
496
499
511
513
523
516
530
525
536pic
531
527
530
523
521
519
515
508
516
515
511
511
510
513
504
512
516
511
511
511
508
506
518
506
503
495
509
501
497
495
507
509
507
507
505
518
507
509
505
497
484
467
499
543pic
516
500
511
513
496
496
502
507
504
498
507
502
506
503
512
492
494
491
494
501
484
479
494
517
557pic
559
556
565
553
544
537
559
536
534
530
548
528
512
524
511
535pic
494
507
501
527
503
506
514
508
502
507
515
501
491
480
481
524
529
515
510
494
518
487
500
495
498
520
508
506
490
513
496
499
507
487
540pic
589
529
584
580
581
620
636
604
597
657
591
591
654
551
563pic
578
570
494
516
511
485
468
472
439
407
470
453
499
444
436
479
472
451
451
404
508
460
503
503
536pic
577
576
561
566
519
511
497
477
478
415
460
408
409
415
408
384
379
380
396
370
464
435
450
465
475
508
500
505
469
476
486
431
458
479
419
420
407
420
465
439
439
446
409
448
443
419
386
412
415
476
405
395
411
426
391
435
483
477
426
496
508
549pic
496
486
516
609
503
529
520
517
568
540
562
520
586
566
555pic
550
556
611
528
567
562
560
592
527
595
547
527
562
545
552pic
548
591
572
587
593
548
595
577
557
538
517
545
483
595
592pic
582
531
591
555
541
550
547
513
561
542
546
568
553
496
513
518
496
510
505
477
510
496
482
480
510
553pic
495
504
519
498
524
515
495
515
519
516
492
504
519
493
532pic
518
512
494
534
525
507
507
531
501
513
521
502
505
484
509
499
516
511
513
512
504
531pic
513
521
516
480
504
482
468
486
535
539
511
535
517
499
515
495
504
502
548pic
508
496
511
495
504
499
507
494
491
481
510
489
505
508
513
502
520
534pic
523
514
523
562
515
538
502
519
532
518
513
508
505
514
510
519
522
499
515
511
509
520
502
509
503
479
518
527
502
493
512
520
499
508
492
529
508
492
504
483
462
497
530
517
521
504
512
511
536pic
523
481
528
484
496
537
496
498
499
534
474
521
478
502
516
476
549pic
498
494
502
537
507
526
509
502
503
513
512
500
502
494
513
494
500
511
517
519
522
527
526
527
539pic
537
531
542
529
527
531
532
539
520
519
540
526
526
526
528
521
527
525
519
508
463
449
518
534pic
510
512
501
494
493
488
480
483
476
479
468
461
466
461
466
458
456
455
455
456
455
445
428
460
460
473
480
476
481
492
531pic
535
530
524
524
516
515
516
507
511
506
519
509
505
515
519
520
519
509
525
515
521
516
512
499
499
512
511
512
496
522
510
527
521
512
511
473
483
547pic
547
536
539
517
536
533
526
527
531
532
524
515
527
525
536pic
531
513
518
515
514
512
508
507
513
513
518
526
523
536
529
526
533pic
533
525
515
510
525
509
509
507
504
519
516
514
511
520
505
516
506
514
514
495
512
513
515
515
524
512
515
515
517
524
510
524
499
472
484
523
540pic
529
528
519
522
514
513
515
518
513
512
512
508
516
507
515
503
508
504
497
507
498
505
506
515
507
514
534pic
521
527
529
517
513
515
523
517
507
506
510
510
504
499
511
507
514
502
513
513
505
508
507
506
501
501
496
504
516
499
502
505
508
514
511
509
510
486
459
480
526
517
524
520
515
517
515
514
515
508
512
512
514
513
504
513
511
500
504
501
499
499
496
491
508
504
520
518
527
531pic
519
527
526
527
513
514
521
511
510
512
513
505
508
511
517
508
515
497
504
505
510
505
503
499
495
494
503
504
514
509
509
515
507
510
513
511
500
474
464
511
530
523
518
512
514
513
510
512
518
508
505
514
502
510
513
512
497
511
498
504
505
498
499
501
508
513
523
522
524
533pic
525
522
521
521
521
513
526
511
507
518
513
506
512
512
513
511
509
509
510
501
508
515
506
505
505
495
510
504
502
505
512
521
516
512
510
511
504
495
460
465
527
537pic
525
519
505
508
510
508
516
505
504
499
508
504
511
503
488
496
479
492
492
485
498
483
487
500
504
517
521
519
528
525
521
519
524
512
515
521
506
506
518
512
525
512
514
509
511
529